15    3168    5    600    0
22    4416    7    840    0
23    3844    7    852    0
19    4572    8    976    0
16    3332    5    600    0
20    3628    6    724    0
17    3548    6    728    0
19    4036    6    724    0
18    3392    7    840    0
15    3508    5    604    0
23    4336    8    960    0
45    4448    10    1216    0
14    3312    5    608    0
18    3208    5    612    0
15    3692    6    728    0
15    3312    5    600    0
19    3736    6    720    0
14    3144    5    608    0
19    3744    6    720    0
17    3384    7    840    0
16    3224    6    720    0
13    3300    6    720    0
12    3288    6    720    0
25    4360    7    840    0
21    4128    8    964    0
20    3908    6    720    0
24    4332    8    960    0
18    4060    6    724    0
15    3672    6    724    0
15    3328    6    720    0
42    8900    9    1088    0
39    9424    10    1212    0
53    9076    11    1328    0
50    9344    11    1332    0
57    10584    11    1328    0
43    8376    10    1208    0
45    9408    10    1204    0
37    7752    9    1088    0
42    9012    9    1088    0
28    7812    8    968    0
57    10688    11    1324    0
54    10420    11    1332    0
43    9324    10    1204    0
29    7832    8    964    0
38    8764    9    1088    0
48    9624    10    1216    0
40    9304    10    1212    0
55    10064    11    1332    0
46    9420    10    1212    0
42    9052    9    1084    0
32    7912    9    1088    0
47    9568    11    1336    0
37    8232    8    968    0
43    8584    10    1200    0
44    9064    10    1212    0
39    9280    11    1336    0
62    10368    12    1448    0
53    9016    11    1328    0
51    9832    10    1208    0
56    11236    11    1328    0
63    13068    12    1448    0
79    15064    13    1568    0
94    14724    14    1704    0
73    13968    13    1576    0
83    14816    14    1688    0
76    15288    13    1572    0
61    12568    12    1444    0
87    16244    14    1704    0
67    13184    12    1440    0
63    13016    12    1444    0
64    13152    11    1332    0
60    14244    12    1448    0
62    13096    11    1328    0
77    14032    13    1580    0
65    12624    12    1444    0
110    17252    15    1816    0
97    15796    14    1696    0
71    13784    12    1452    0
65    13208    12    1444    0
62    11860    12    1444    0
76    13192    12    1452    0
79    15028    13    1564    0
86    15768    15    1808    0
72    15096    12    1456    0
117    18340    15    1804    0
70    13620    14    1684    0
96    16612    13    1568    0
90    15168    14    1692    0
144    19580    16    1928    0
71    14404    13    1568    0
101    18944    14    1696    0
134    20944    15    1824    0
104    20040    15    1812    0
91    17480    14    1684    0
110    19504    15    1808    0
158    22816    18    2176    0
132    20904    16    1928    0
105    19928    15    1812    0
154    23216    16    1932    0
104    18456    15    1820    0
102    19704    14    1708    0
124    20856    16    1932    0
102    19848    14    1692    0
113    18944    15    1816    0
128    21128    14    1692    0
112    18988    15    1820    0
117    20816    16    1936    0
125    19792    15    1808    0
88    18532    14    1692    0
142    22920    16    1932    0
90    17676    13    1580    0
117    20104    15    1812    0
124    20292    15    1828    0
104    20040    16    1936    0
121    19684    14    1696    0
157    21516    16    1944    0
106    19256    14    1692    0
95    19020    15    1812    0
106    19736    14    1692    0
114    19716    14    1700    0
159    26828    16    1948    0
146    24956    16    1940    0
144    25112    17    2052    0
136    23632    16    1936    0
164    26552    16    1944    0
164    27572    16    1932    0
129    23152    16    1944    0
174    27480    18    2176    0
171    26568    17    2064    0
158    26744    17    2052    0
143    24744    16    1940    0
148    27072    17    2064    0
152    24792    17    2052    0
171    25988    17    2052    0
142    25844    16    1936    0
219    29584    19    2316    0
174    25544    16    1936    0
190    30576    17    2060    0
136    25044    16    1932    0
128    23696    16    1948    0
166    26312    18    2180    0
170    25752    17    2056    0
191    26536    17    2056    0
187    26164    18    2172    0
161    27032    17    2052    0
201    27032    17    2056    0
157    25212    18    2168    0
142    26032    16    1936    0
137    24204    16    1936    0
143    26476    17    2052    0
201    30240    18    2172    0
191    30168    18    2164    0
156    29928    17    2060    0
204    30780    18    2180    0
226    34840    19    2292    0
201    31844    19    2304    0
155    29288    17    2048    0
240    35280    20    2416    0
191    33192    18    2172    0
261    34752    20    2412    0
196    28976    17    2056    0
171    31824    17    2056    0
222    33624    18    2184    0
221    32572    18    2184    0
201    32376    17    2072    0
180    31192    18    2180    0
325    33476    19    2312    0
156    26224    16    1940    0
247    37880    19    2292    0
202    32896    19    2296    0
194    29716    17    2056    0
236    32376    19    2300    0
127    24768    15    1820    0
225    34192    20    2420    0
163    31676    17    2064    0
173    30140    18    2176    0
186    31968    18    2176    0
173    30396    17    2060    0
211    32920    18    2188    0
230    35216    19    2296    0
261    37280    19    2300    0
257    40032    20    2428    0
267    38472    19    2292    0
288    40156    21    2544    0
232    34152    18    2188    0
210    35768    19    2304    0
313    41916    20    2412    0
301    40264    20    2420    0
221    36368    19    2308    0
195    33936    18    2188    0
221    34340    18    2176    0
263    39864    20    2416    0
248    38744    19    2308    0
278    39696    20    2404    0
208    36532    18    2176    0
309    41580    21    2536    0
187    33948    17    2060    0
230    39452    19    2300    0
207    36284    18    2188    0
279    39124    20    2420    0
293    38640    19    2304    0
255    38740    20    2416    0
210    34136    18    2192    0
361    44056    21    2540    0
203    36192    19    2304    0
235    36900    19    2296    0
195    34620    18    2184    0
252    36828    19    2308    0
214    35780    18    2176    0
278    40912    19    2312    0
330    45712    21    2548    0
279    43712    21    2544    0
240    39484    18    2176    0
278    42032    20    2420    0
321    45680    21    2548    0
287    42044    20    2424    0
289    42772    21    2536    0
297    44640    22    2664    0
304    43204    22    2668    0
375    50464    22    2656    0
237    40504    19    2312    0
322    47728    21    2552    0
317    46912    20    2420    0
255    42272    20    2424    0
347    45044    21    2540    0
256    43360    20    2420    0
272    41756    20    2408    0
292    45808    20    2420    0
288    46332    21    2532    0
293    43724    20    2408    0
273    42412    20    2428    0
236    41380    20    2420    0
326    45448    20    2436    0
288    46832    20    2432    0
331    46104    22    2672    0
336    46152    22    2676    0
233    41732    19    2304    0
360    48688    21    2556    0
298    44440    22    2660    0
360    47568    20    2436    0
376    50840    20    2424    0
422    56148    23    2760    0
348    53432    21    2536    0
403    53244    23    2784    0
328    49952    21    2532    0
332    50620    22    2660    0
330    50836    21    2544    0
310    51040    21    2532    0
385    52712    21    2560    0
344    50432    21    2548    0
308    47248    21    2532    0
325    50552    21    2536    0
299    48580    21    2532    0
412    56684    22    2664    0
300    49400    20    2440    0
313    49072    21    2552    0
371    52440    22    2668    0
338    49768    21    2552    0
375    52368    21    2556    0
344    48344    21    2540    0
415    52420    21    2556    0
336    52000    22    2684    0
304    47808    21    2548    0
331    49328    21    2556    0
364    47200    21    2560    0
309    48028    20    2416    0
335    50460    21    2544    0
334    50872    22    2664    0
271    46980    21    2536    0
349    50764    22    2656    0
433    57320    23    2776    0
353    53384    21    2540    0
434    58384    21    2552    0
408    58236    22    2660    0
402    55460    22    2660    0
362    54816    22    2656    0
404    59104    22    2672    0
385    55000    21    2532    0
383    58444    23    2792    0
373    57300    22    2660    0
413    57072    22    2668    0
332    52568    22    2664    0
362    54516    22    2652    0
367    56012    21    2544    0
396    54656    22    2668    0
394    57920    22    2652    0
342    53960    21    2540    0
401    54516    22    2656    0
404    59108    22    2680    0
363    52648    21    2556    0
384    58612    23    2784    0
344    52984    21    2540    0
378    57552    22    2660    0
380    56120    23    2776    0
374    55296    22    2680    0
351    55216    21    2556    0
381    56056    21    2540    0
426    58000    22    2652    0
416    57308    21    2540    0
338    52940    21    2540    0
389    58668    23    2780    0
358    56560    21    2552    0
441    60276    22    2668    0
388    57576    22    2668    0
418    59864    23    2788    0
370    58808    22    2660    0
546    66404    23    2784    0
411    61640    23    2792    0
530    68956    25    3028    0
454    64724    23    2780    0
391    60948    23    2772    0
410    63984    23    2776    0
412    62672    24    2904    0
451    66108    24    2892    0
379    59780    22    2652    0
495    68464    23    2784    0
410    62352    22    2672    0
450    62736    24    2908    0
421    60808    23    2792    0
391    57780    21    2552    0
423    61912    24    2904    0
392    57172    22    2664    0
419    60732    23    2780    0
487    65712    24    2896    0
368    55952    21    2536    0
462    61944    23    2772    0
564    69296    24    2908    0
372    61096    23    2788    0
499    68060    24    2916    0
421    60260    22    2676    0
625    77552    26    3140    0
482    68564    25    3024    0
470    67732    23    2792    0
446    67488    22    2664    0
504    71160    23    2792    0
472    68616    24    2916    0
371    61596    22    2664    0
582    76320    25    3032    0
506    69024    24    2912    0
484    65716    24    2912    0
564    71992    24    2908    0
480    71804    24    2908    0
569    77960    25    3040    0
433    66604    22    2668    0
430    64168    23    2800    0
486    71080    23    2796    0
495    70880    23    2804    0
393    65540    23    2776    0
400    65332    23    2796    0
413    64864    22    2672    0
447    67352    25    3012    0
488    71812    24    2888    0
537    73708    23    2784    0
381    64116    22    2668    0
415    64092    22    2660    0
567    73296    24    2912    0
532    73176    23    2780    0
492    70724    23    2780    0
475    68200    23    2788    0
447    65304    23    2780    0
493    69484    24    2896    0
549    76168    24    2904    0
576    80824    25    3024    0
596    76816    25    3040    0
522    76704    25    3028    0
577    76816    24    2888    0
486    71712    25    3028    0
558    74176    24    2900    0
577    76180    24    2908    0
483    73208    23    2788    0
488    72160    24    2908    0
495    73892    24    2912    0
580    78652    25    3024    0
427    67504    22    2676    0
510    75648    25    3036    0
589    73208    24    2904    0
525    75848    24    2916    0
514    75008    24    2896    0
595    79216    25    3004    0
549    75792    24    2896    0
555    77392    25    3028    0
464    70100    24    2904    0
575    76592    24    2900    0
557    81404    24    2928    0
582    76356    24    2896    0
620    78836    24    2924    0
569    72456    23    2780    0
501    75104    23    2788    0
504    74612    24    2900    0
481    72640    24    2904    0
596    85152    26    3140    0
543    80968    25    3052    0
520    78068    24    2904    0
563    83204    24    2908    0
575    80792    24    2912    0
568    78752    25    3028    0
618    85344    28    3384    0
603    80408    25    3020    0
537    81712    26    3136    0
582    85236    24    2912    0
562    81632    25    3028    0
594    81368    25    3028    0
599    84328    25    3024    0
553    80772    25    3024    0
658    86600    26    3144    0
691    86576    26    3148    0
573    79652    24    2904    0
541    83900    25    3032    0
536    81832    25    3020    0
583    81300    25    3028    0
574    81828    24    2904    0
507    73128    24    2904    0
581    82008    24    2896    0
639    89864    25    3024    0
515    78720    24    2908    0
660    87104    25    3028    0
539    80272    25    3016    0
518    79052    24    2912    0
500    73240    23    2792    0
617    80712    25    3028    0
695    87508    27    3280    0
671    92512    25    3032    0
582    87804    26    3156    0
564    81276    24    2908    0
588    85528    25    3028    0
696    96156    27    3276    0
634    86456    25    3032    0
575    84840    25    3036    0
590    85320    25    3020    0
556    87544    25    3012    0
634    90464    26    3152    0
679    94592    26    3152    0
510    79424    25    3020    0
590    87724    25    3036    0
635    91080    26    3160    0
718    89864    27    3268    0
660    89256    25    3040    0
676    91536    26    3160    0
657    90412    25    3032    0
724    94288    27    3248    0
693    88760    25    3032    0
734    93184    27    3276    0
592    88096    25    3024    0
641    87696    25    3020    0
613    86792    25    3036    0
610    89404    27    3272    0
606    84036    25    3016    0
650    90088    28    3396    0
675    87368    25    3020    0
660    89452    26    3148    0
