12    3608    7    848    0
11    3416    8    968    0
19    4564    9    1084    0
29    5468    10    1204    0
17    4200    10    1208    0
15    4008    7    852    0
20    5440    10    1208    0
14    4144    8    968    0
16    4520    9    1084    0
25    5568    10    1220    0
23    5356    11    1336    0
10    3240    8    968    0
13    4484    10    1212    0
14    4004    8    972    0
16    4704    9    1092    0
16    3544    7    848    0
23    3992    10    1212    0
12    3780    8    960    0
27    5752    12    1452    0
19    4780    11    1328    0
18    4208    7    848    0
25    4256    10    1216    0
16    4536    9    1088    0
16    4000    7    852    0
15    3512    8    968    0
18    4396    8    968    0
13    3468    6    728    0
14    3664    6    724    0
13    3648    7    844    0
11    3260    7    848    0
36    10832    16    1940    0
36    9960    14    1696    0
44    10972    15    1804    0
29    9560    14    1688    0
51    11760    15    1820    0
37    10576    17    2048    0
28    8976    13    1572    0
36    9640    12    1448    0
33    10224    13    1572    0
33    9424    13    1564    0
55    11376    15    1812    0
35    9976    15    1812    0
28    9516    13    1572    0
40    11640    16    1944    0
32    9692    12    1460    0
36    11468    15    1820    0
35    10148    13    1564    0
34    9720    13    1568    0
35    10252    14    1696    0
28    9016    12    1440    0
26    9320    11    1336    0
33    10512    13    1572    0
33    11376    14    1696    0
40    9872    13    1576    0
36    10644    12    1448    0
37    10100    14    1692    0
35    10408    13    1588    0
64    12492    17    2064    0
33    9248    12    1452    0
39    9368    12    1448    0
102    18344    21    2532    0
59    16848    16    1936    0
60    16064    17    2056    0
67    16652    17    2056    0
57    17120    20    2420    0
67    17252    17    2064    0
66    16332    18    2188    0
72    17320    20    2428    0
65    15592    17    2064    0
69    17932    19    2304    0
72    19052    21    2540    0
55    16116    17    2064    0
50    16144    18    2184    0
63    15720    17    2056    0
66    17456    19    2280    0
68    16128    19    2304    0
88    18400    21    2536    0
73    15824    17    2048    0
59    14696    15    1820    0
53    16544    18    2180    0
67    16008    16    1940    0
62    14272    16    1936    0
64    16196    18    2176    0
72    16388    17    2060    0
63    17360    19    2292    0
63    15976    17    2052    0
65    16304    16    1940    0
68    16504    19    2304    0
38    13468    14    1712    0
65    16556    16    1944    0
107    25976    22    2676    0
85    22200    21    2556    0
106    24728    22    2664    0
81    22288    21    2532    0
109    24064    22    2660    0
78    22272    20    2428    0
91    21952    22    2660    0
103    22524    21    2552    0
62    20016    18    2180    0
73    22176    21    2548    0
62    21012    20    2408    0
75    20736    19    2304    0
119    22604    22    2660    0
89    19808    22    2664    0
67    19504    19    2284    0
96    21520    22    2652    0
78    20648    20    2416    0
86    22740    20    2412    0
87    22020    22    2668    0
113    20840    23    2784    0
81    19520    18    2184    0
109    23208    21    2536    0
100    22576    21    2536    0
75    20820    21    2544    0
94    21772    21    2552    0
94    23360    25    3028    0
74    23452    21    2536    0
65    19696    18    2184    0
89    24100    21    2564    0
73    20284    21    2532    0
128    29640    28    3396    0
110    29464    24    2900    0
109    25248    26    3132    0
134    28736    26    3144    0
121    25108    21    2548    0
123    28776    22    2656    0
85    24056    21    2540    0
113    25976    21    2560    0
119    29440    27    3256    0
111    28312    25    3020    0
129    28804    23    2780    0
133    31800    25    3020    0
84    26064    21    2540    0
121    29524    26    3148    0
115    25312    21    2544    0
119    27912    24    2916    0
128    31392    24    2912    0
136    30472    23    2796    0
108    27536    21    2552    0
111    29496    24    2900    0
116    30140    24    2920    0
128    27260    23    2804    0
142    28792    23    2772    0
109    29000    22    2680    0
120    30240    23    2784    0
125    30572    23    2780    0
130    31352    23    2788    0
139    31064    23    2788    0
117    28208    25    3032    0
125    28440    23    2800    0
133    33136    27    3264    0
131    32308    22    2664    0
138    34264    25    3032    0
136    34888    26    3156    0
124    34132    27    3268    0
185    34920    28    3384    0
191    37304    28    3396    0
126    33056    25    3016    0
144    33204    23    2788    0
133    35080    25    3028    0
128    34096    24    2916    0
143    35120    27    3268    0
136    33672    25    3012    0
139    35188    27    3284    0
129    34112    24    2900    0
142    33360    23    2780    0
163    34080    28    3396    0
143    33620    25    3036    0
121    32760    24    2896    0
144    32896    24    2892    0
137    32672    30    3612    0
158    34352    29    3508    0
159    35432    25    3016    0
137    34896    28    3392    0
141    34888    23    2784    0
111    29476    23    2784    0
128    32232    24    2892    0
142    35784    25    3032    0
131    31936    24    2912    0
129    33636    26    3156    0
141    39124    27    3268    0
157    39776    28    3400    0
147    38112    24    2900    0
164    38476    28    3404    0
132    39440    25    3028    0
212    43856    28    3388    0
155    39788    28    3384    0
159    40420    28    3384    0
198    44468    28    3412    0
179    41376    29    3496    0
135    37952    27    3280    0
157    38740    27    3260    0
164    39240    28    3396    0
139    37748    25    3024    0
148    37560    28    3392    0
139    40192    27    3268    0
154    39040    27    3256    0
218    45240    29    3504    0
225    48284    29    3512    0
139    38532    26    3156    0
135    37192    27    3256    0
173    41920    28    3404    0
241    41604    29    3496    0
149    37264    28    3376    0
144    36356    24    2900    0
159    43348    28    3388    0
151    36444    30    3640    0
123    37064    24    2908    0
215    43296    28    3404    0
126    34544    24    2916    0
167    45140    29    3512    0
229    48672    28    3404    0
166    42728    28    3384    0
199    51456    33    4008    0
213    48948    29    3504    0
239    47888    29    3524    0
158    42192    28    3388    0
244    48784    29    3512    0
148    42664    27    3268    0
253    49608    30    3632    0
198    47136    28    3384    0
245    48128    29    3504    0
162    43128    27    3260    0
202    45760    29    3512    0
246    47476    28    3396    0
180    42888    29    3520    0
164    42680    26    3128    0
239    51208    29    3524    0
192    47384    28    3392    0
247    48888    29    3516    0
195    47860    29    3508    0
236    49156    31    3744    0
179    46084    29    3516    0
203    45560    28    3376    0
186    44056    28    3396    0
140    42144    27    3260    0
229    51872    29    3512    0
221    48788    30    3632    0
211    46200    29    3496    0
158    42580    29    3512    0
235    50140    29    3520    0
322    57776    36    4344    0
250    47600    30    3624    0
233    55944    32    3880    0
228    55132    34    4120    0
181    48484    30    3640    0
164    48712    28    3392    0
187    49188    30    3624    0
201    50676    29    3508    0
222    53384    29    3500    0
222    52612    29    3520    0
189    52676    29    3516    0
239    53304    34    4104    0
256    56384    31    3756    0
230    53248    29    3508    0
257    53560    31    3756    0
317    57012    34    4108    0
222    52320    28    3396    0
223    51904    32    3876    0
232    53268    29    3520    0
252    52112    30    3632    0
239    51564    29    3508    0
206    53316    30    3616    0
259    54392    31    3744    0
382    61652    36    4352    0
219    49236    28    3388    0
240    53312    34    4112    0
277    56524    30    3640    0
211    52352    30    3624    0
252    51124    29    3528    0
245    60520    35    4232    0
223    57384    33    4004    0
279    60964    30    3632    0
323    67508    36    4348    0
263    61120    30    3640    0
267    59712    32    3872    0
274    58304    35    4244    0
264    59308    30    3624    0
236    61308    31    3740    0
264    60712    30    3628    0
257    60424    30    3628    0
263    60704    34    4112    0
257    62220    34    4116    0
282    61184    30    3620    0
237    58336    33    3992    0
240    58060    29    3516    0
258    62568    33    3996    0
392    64528    36    4348    0
255    60344    32    3868    0
260    58324    30    3620    0
261    63328    31    3760    0
369    65088    36    4332    0
261    58772    31    3756    0
283    63328    34    4108    0
254    57372    30    3632    0
259    60280    36    4368    0
281    62072    31    3736    0
266    61116    35    4220    0
268    58900    31    3744    0
292    63824    35    4232    0
275    66872    35    4228    0
310    66048    36    4364    0
384    70008    36    4384    0
273    64872    32    3864    0
259    64504    34    4108    0
260    63944    36    4360    0
273    66952    35    4228    0
296    67036    32    3860    0
267    63844    32    3880    0
298    68624    36    4344    0
254    66372    35    4232    0
275    65836    34    4100    0
256    66220    31    3760    0
263    65568    31    3768    0
304    71376    38    4588    0
337    67160    37    4484    0
260    62348    33    3988    0
266    62284    31    3760    0
271    68628    36    4352    0
309    66768    36    4372    0
282    68988    34    4116    0
266    64824    34    4112    0
303    64816    30    3640    0
275    66780    35    4228    0
259    67368    38    4588    0
268    64444    30    3620    0
277    64300    36    4368    0
261    65536    33    3996    0
283    67648    35    4240    0
256    59600    30    3628    0
343    68228    36    4348    0
302    72244    38    4604    0
276    68924    33    3988    0
262    68160    33    4000    0
268    68408    31    3764    0
283    68800    32    3872    0
274    70172    32    3880    0
365    68300    37    4476    0
318    73520    37    4488    0
280    70984    35    4228    0
319    68112    32    3892    0
286    69832    33    3992    0
399    72616    37    4484    0
297    71964    34    4100    0
265    65396    31    3756    0
297    72996    34    4112    0
299    69608    33    4000    0
289    69192    33    3976    0
281    69548    32    3876    0
258    66808    33    3980    0
276    71520    36    4352    0
255    69336    35    4248    0
307    69912    36    4352    0
285    71868    31    3744    0
284    70368    34    4116    0
311    71832    37    4480    0
351    75468    36    4348    0
274    72916    33    3984    0
381    73772    40    4836    0
296    70876    34    4116    0
311    75796    36    4360    0
392    77000    37    4468    0
287    79712    34    4108    0
401    79304    36    4360    0
353    77136    34    4108    0
278    68864    34    4100    0
314    75784    37    4488    0
292    77660    36    4368    0
278    69696    37    4488    0
285    73808    35    4216    0
397    81964    36    4360    0
284    76592    35    4224    0
286    74828    39    4720    0
400    83964    36    4372    0
312    73228    35    4232    0
301    76012    36    4376    0
348    80268    36    4364    0
339    77460    36    4340    0
318    74064    36    4344    0
278    72736    34    4100    0
340    72992    33    4008    0
273    69828    34    4108    0
293    74236    37    4484    0
332    80184    38    4596    0
308    76812    36    4364    0
308    73752    33    3996    0
322    76284    35    4212    0
318    81420    36    4356    0
308    79348    37    4496    0
288    75568    36    4372    0
286    78968    37    4476    0
329    80720    34    4144    0
335    85364    36    4380    0
280    76360    34    4112    0
429    81232    37    4476    0
388    83432    38    4596    0
288    79336    35    4236    0
303    80764    38    4596    0
295    77948    34    4108    0
280    75664    32    3876    0
465    89200    38    4592    0
369    88800    41    4952    0
342    79756    37    4492    0
395    87752    37    4472    0
302    85080    38    4596    0
431    81528    37    4504    0
288    77692    35    4232    0
365    82872    36    4356    0
379    85128    36    4360    0
351    84152    36    4328    0
479    84520    36    4344    0
472    89464    36    4356    0
301    76112    35    4216    0
494    84184    36    4360    0
317    79960    36    4332    0
373    86248    37    4488    0
294    80112    36    4360    0
313    79296    36    4340    0
392    83744    36    4360    0
464    88764    36    4368    0
309    80888    38    4580    0
319    80836    34    4112    0
323    82196    34    4092    0
382    86124    36    4356    0
509    92688    36    4376    0
322    83520    35    4232    0
500    91712    37    4488    0
290    84844    39    4720    0
299    84052    35    4244    0
394    88092    36    4356    0
318    82140    35    4220    0
327    83384    34    4124    0
341    83092    37    4484    0
473    90084    37    4468    0
461    92688    36    4356    0
404    89856    38    4592    0
467    93452    36    4356    0
453    82768    37    4456    0
460    94280    37    4464    0
427    93616    41    4952    0
310    86792    37    4472    0
475    94000    38    4600    0
366    90472    37    4476    0
390    96996    37    4496    0
321    84720    34    4120    0
365    93748    37    4476    0
450    94784    37    4464    0
362    82312    38    4596    0
452    94728    39    4712    0
380    91376    38    4604    0
