36    3248    4    480    0
50    4136    5    600    0
15    2500    3    368    0
17    2708    3    360    0
45    3568    4    480    0
92    4520    5    604    0
30    3420    4    480    0
22    2772    4    488    0
23    3112    4    480    0
33    3168    4    488    0
70    4412    5    604    0
27    3232    4    484    0
46    3752    4    484    0
38    3428    4    488    0
19    2576    3    360    0
49    3824    4    484    0
27    3064    4    480    0
21    2744    3    360    0
47    4076    4    488    0
41    3488    4    484    0
29    3080    4    480    0
64    4488    6    724    0
11    2056    2    240    0
39    3288    4    484    0
37    3116    5    604    0
36    3404    4    480    0
37    3416    4    492    0
34    3360    4    480    0
28    3080    4    484    0
35    3028    4    484    0
179    10036    6    732    0
84    7872    5    600    0
99    8292    6    724    0
126    8992    6    720    0
48    5684    5    600    0
222    11520    7    840    0
47    5680    4    480    0
130    9220    6    728    0
61    6140    5    604    0
160    10296    6    724    0
36    5648    5    600    0
88    8112    6    720    0
97    7972    5    604    0
106    8744    5    600    0
145    9832    6    724    0
127    8840    6    728    0
76    7552    5    600    0
99    8432    6    724    0
94    8464    5    608    0
74    6368    5    600    0
68    7712    5    604    0
92    8052    6    720    0
77    7676    5    612    0
70    6476    5    600    0
78    7412    5    604    0
95    8352    5    604    0
47    6184    5    600    0
44    5756    5    600    0
82    8032    5    600    0
108    8192    7    844    0
146    12080    6    720    0
181    13200    7    848    0
155    12880    6    728    0
172    12352    7    844    0
124    11284    6    724    0
130    12104    6    724    0
174    12952    6    720    0
218    13032    7    844    0
154    12136    6    720    0
201    13484    7    844    0
129    11392    6    732    0
161    12648    6    724    0
149    11816    6    728    0
90    10640    5    608    0
151    12040    6    724    0
154    12536    6    724    0
184    12856    6    724    0
151    12472    6    724    0
159    11940    6    720    0
169    12492    6    728    0
113    11068    6    732    0
164    12912    7    848    0
145    11628    7    840    0
143    11736    6    728    0
96    10832    6    724    0
158    12168    6    728    0
120    11544    6    720    0
126    11084    6    724    0
148    11820    7    852    0
182    12948    6    732    0
383    19344    7    852    0
170    15220    7    840    0
377    20472    7    848    0
152    14672    6    728    0
399    20784    8    964    0
273    18540    8    964    0
254    17732    7    848    0
350    19764    7    852    0
171    15084    6    732    0
365    20080    8    964    0
203    16236    7    840    0
184    16252    7    852    0
189    15952    7    848    0
553    23516    9    1092    0
377    20296    7    848    0
365    21052    7    848    0
206    17080    7    840    0
191    15640    6    728    0
261    18168    7    844    0
206    16136    7    852    0
360    20284    7    852    0
203    16976    6    728    0
161    14744    7    840    0
276    17984    7    852    0
364    18776    7    848    0
276    18204    7    844    0
188    15880    7    844    0
366    19968    7    844    0
301    18532    7    848    0
419    21180    8    964    0
180    18224    6    732    0
194    18128    7    848    0
143    16888    7    852    0
512    24432    8    964    0
242    18992    8    960    0
373    21804    7    848    0
281    19976    7    852    0
317    22000    7    852    0
343    22016    8    976    0
378    23000    7    852    0
293    21284    7    852    0
289    19784    7    848    0
275    20336    7    848    0
317    21940    7    852    0
298    21396    7    848    0
424    23664    8    972    0
203    17824    7    844    0
307    21172    7    852    0
197    19220    7    848    0
301    22464    7    852    0
175    18960    7    848    0
214    19064    7    852    0
349    22556    7    848    0
370    23276    7    848    0
321    21704    7    848    0
252    20140    7    856    0
449    24440    8    972    0
307    21632    8    964    0
173    17896    7    852    0
297    19820    7    848    0
251    22192    7    844    0
339    25556    7    848    0
362    25800    7    852    0
781    33952    8    968    0
537    28588    8    968    0
355    26044    7    852    0
495    27524    8    968    0
389    25464    8    960    0
582    29960    8    964    0
344    24784    7    844    0
670    32608    9    1088    0
389    27168    8    964    0
376    25696    8    972    0
564    30648    8    972    0
351    24816    8    972    0
358    24812    8    964    0
730    32872    8    972    0
317    23948    7    852    0
545    29328    8    972    0
336    24968    7    856    0
371    27076    8    972    0
398    25128    7    852    0
318    23880    7    856    0
509    30184    8    964    0
436    27584    8    968    0
369    25936    7    852    0
378    25388    8    968    0
381    26828    8    976    0
324    24264    8    968    0
214    21120    7    844    0
423    29384    8    968    0
416    29292    8    968    0
578    31660    8    968    0
620    34480    8    972    0
300    25652    7    848    0
470    30372    8    972    0
414    28752    8    968    0
445    29820    8    968    0
959    40700    9    1088    0
380    27888    7    852    0
511    32132    8    972    0
793    38640    9    1088    0
396    28392    8    968    0
424    29724    7    852    0
686    34680    8    976    0
776    36656    8    968    0
947    40580    9    1084    0
419    30272    8    968    0
423    29520    7    852    0
608    34232    9    1088    0
391    29060    7    856    0
443    30612    8    968    0
415    29668    8    976    0
476    30772    8    976    0
1007    42216    9    1080    0
483    32060    9    1084    0
781    37064    8    976    0
551    31976    9    1088    0
602    33284    8    968    0
682    35108    8    972    0
710    38428    8    976    0
1096    45896    9    1088    0
1101    47080    9    1084    0
616    36524    8    968    0
586    37048    8    964    0
1072    45064    9    1084    0
796    41404    8    980    0
691    38996    8    968    0
717    37956    8    968    0
667    37256    8    968    0
625    36456    8    976    0
709    40272    8    980    0
585    35564    8    972    0
353    29220    7    848    0
822    40252    9    1100    0
562    34564    8    968    0
585    35968    8    968    0
662    36836    8    964    0
399    30776    8    968    0
569    35540    8    972    0
734    40284    8    984    0
1052    44620    9    1096    0
1099    45932    9    1084    0
1067    45728    9    1092    0
835    41940    9    1088    0
509    33128    8    972    0
573    35236    8    968    0
515    33544    8    980    0
1209    49392    9    1084    0
435    33000    9    1092    0
598    41700    9    1084    0
1062    48300    9    1088    0
1102    50724    10    1212    0
770    43216    9    1084    0
782    42572    8    972    0
606    38832    8    968    0
702    39856    8    968    0
2416    76108    10    1208    0
433    34112    8    964    0
843    44352    8    976    0
748    42688    9    1088    0
1124    50460    9    1104    0
915    45168    9    1092    0
1037    47048    9    1088    0
725    42664    8    972    0
2189    72580    10    1220    0
728    41476    9    1084    0
667    39696    9    1092    0
751    41768    9    1092    0
550    37408    8    972    0
623    37912    8    968    0
1127    49972    9    1084    0
980    46472    9    1092    0
627    39840    8    968    0
807    44400    9    1088    0
526    36696    8    968    0
898    47280    9    1088    0
384    33616    8    964    0
656    40492    8    972    0
587    38292    8    968    0
1119    53680    9    1088    0
695    45036    9    1092    0
1099    51464    9    1092    0
648    42584    8    972    0
832    46812    8    980    0
661    42484    8    972    0
693    43288    9    1084    0
752    45696    9    1096    0
876    46200    8    968    0
790    44872    8    968    0
939    51792    9    1084    0
1187    54772    10    1204    0
706    43256    8    968    0
633    42064    8    972    0
741    43960    9    1092    0
789    45016    9    1084    0
831    45668    9    1088    0
703    45848    9    1096    0
984    49728    9    1084    0
681    43184    9    1092    0
844    46396    9    1096    0
540    40972    9    1088    0
734    44328    8    972    0
1188    52752    9    1084    0
1191    54932    9    1088    0
710    45172    9    1084    0
689    43756    8    976    0
1229    54952    9    1084    0
731    46304    9    1092    0
947    48040    9    1096    0
742    49876    9    1084    0
1283    58960    9    1100    0
685    47624    8    972    0
1328    60376    9    1084    0
896    48720    9    1088    0
1128    55556    9    1092    0
1271    59372    10    1208    0
1103    53960    9    1096    0
2173    77740    10    1216    0
832    48680    8    972    0
1004    52684    9    1084    0
751    47708    9    1088    0
1016    51716    9    1080    0
776    48732    9    1080    0
1277    59952    9    1088    0
936    52408    9    1088    0
1464    63800    9    1088    0
843    48504    9    1084    0
931    51800    9    1088    0
1329    59776    9    1092    0
869    50516    9    1088    0
1258    58588    10    1208    0
596    43188    8    976    0
1118    56000    9    1084    0
726    46104    9    1080    0
606    43856    8    972    0
994    51528    9    1096    0
778    49896    9    1096    0
717    47648    9    1080    0
879    51976    9    1084    0
1331    60924    9    1084    0
966    55944    9    1088    0
904    53512    9    1100    0
743    49316    9    1084    0
733    49604    9    1088    0
1247    61516    9    1092    0
1225    61524    9    1096    0
1239    60264    9    1096    0
1013    57652    9    1096    0
1049    56576    9    1088    0
943    54824    9    1088    0
1105    57108    9    1092    0
1160    58216    9    1092    0
705    50108    9    1088    0
1204    60816    9    1092    0
1225    61740    9    1084    0
887    54344    9    1084    0
773    51052    9    1084    0
1386    64804    9    1092    0
1034    57872    9    1084    0
1283    61460    9    1088    0
993    55744    9    1088    0
1425    64488    9    1092    0
794    50120    8    976    0
996    54448    9    1092    0
1186    60176    9    1092    0
823    52884    9    1088    0
1208    59088    9    1088    0
1191    59312    9    1088    0
766    48968    9    1084    0
1361    66176    9    1092    0
2179    82400    10    1208    0
1467    68100    9    1084    0
812    53468    9    1092    0
1604    72696    10    1208    0
1181    62264    9    1088    0
1461    67856    9    1096    0
1469    67984    9    1088    0
2473    89676    10    1208    0
1271    65456    9    1092    0
2205    85516    10    1216    0
744    54700    9    1088    0
1373    67480    9    1092    0
1233    64072    9    1096    0
772    53548    8    972    0
1346    67388    9    1096    0
2440    88044    10    1200    0
760    54984    10    1208    0
1928    77344    10    1212    0
1272    63604    9    1088    0
1391    67996    9    1092    0
909    56364    9    1088    0
1621    69816    9    1084    0
1482    67448    9    1096    0
1322    64624    9    1088    0
1402    66868    9    1088    0
2182    83704    11    1332    0
1181    62620    9    1100    0
1185    61412    9    1092    0
1295    64164    9    1092    0
1817    79696    10    1212    0
1018    61120    10    1204    0
1205    65256    9    1084    0
1231    65128    9    1100    0
1421    71608    10    1212    0
1248    66768    10    1216    0
1209    66128    9    1092    0
1557    73364    9    1084    0
1541    73380    9    1092    0
992    62216    9    1096    0
1176    64632    9    1088    0
1674    76156    10    1216    0
2078    84712    10    1212    0
1495    73568    10    1216    0
1284    67132    9    1084    0
1997    81100    10    1204    0
1630    74972    9    1092    0
1025    61800    9    1088    0
1482    72204    9    1092    0
1190    64520    9    1096    0
1283    69400    9    1092    0
1502    72232    9    1092    0
1250    66932    10    1212    0
1001    61008    9    1096    0
1772    79252    10    1204    0
968    59376    9    1100    0
1209    67828    9    1088    0
1099    64720    10    1216    0
1062    63160    9    1092    0
1245    67716    9    1088    0
1406    71396    9    1092    0
1717    78384    10    1212    0
1616    74700    9    1092    0
1547    73804    10    1212    0
1502    74996    9    1092    0
1561    75344    10    1212    0
1525    76072    10    1212    0
1425    73536    10    1208    0
1677    78112    10    1204    0
1189    69100    9    1096    0
999    65004    9    1092    0
1372    69396    9    1088    0
1410    73712    10    1200    0
998    65608    9    1092    0
1201    68024    10    1200    0
1376    73676    10    1208    0
1418    70948    9    1092    0
2162    87528    10    1208    0
1173    68804    9    1096    0
2621    98056    10    1208    0
1345    70424    9    1092    0
996    64716    9    1096    0
1675    79860    10    1212    0
2078    85840    10    1212    0
1351    72204    9    1092    0
1283    69504    9    1088    0
2006    86336    10    1208    0
1301    70760    9    1088    0
1616    76408    9    1092    0
1054    64940    9    1088    0
