22    3312    5    600    0
26    3340    5    608    0
24    3480    5    604    0
25    3696    6    720    0
14    2480    3    360    0
36    3876    6    720    0
26    3712    5    612    0
19    2728    4    484    0
16    3004    4    484    0
23    3616    5    600    0
23    3500    5    600    0
17    3056    4    480    0
16    2680    4    480    0
23    2960    4    480    0
14    2816    4    480    0
45    4392    6    724    0
31    3308    5    600    0
20    3104    5    600    0
16    2648    3    364    0
20    2932    4    480    0
18    3244    4    488    0
21    3476    5    600    0
16    2680    4    480    0
19    2912    4    480    0
32    3648    7    840    0
26    3688    5    608    0
17    2896    4    484    0
31    3796    5    600    0
32    3476    5    604    0
20    3060    5    600    0
55    7900    7    848    0
49    7784    6    736    0
68    9136    8    972    0
81    8808    7    844    0
80    8792    8    960    0
130    10520    8    968    0
44    7872    6    720    0
56    7832    7    848    0
78    8584    7    848    0
43    8000    6    736    0
115    10416    9    1080    0
52    7904    7    852    0
67    8960    8    964    0
58    8072    7    844    0
88    9272    7    848    0
74    8488    8    968    0
53    8052    7    848    0
63    8224    7    848    0
83    8936    7    840    0
56    8248    7    856    0
50    8116    7    840    0
53    7760    7    852    0
39    6368    6    732    0
74    8808    7    852    0
87    9976    8    960    0
74    8284    7    840    0
37    7472    6    728    0
57    7512    7    840    0
59    8344    8    960    0
56    7972    7    852    0
81    12096    8    964    0
113    13376    9    1088    0
81    11652    8    964    0
104    13624    8    968    0
115    13108    9    1084    0
180    16392    10    1204    0
88    12908    8    968    0
89    12588    8    972    0
107    14024    9    1088    0
101    13124    8    968    0
79    12360    9    1084    0
89    11436    8    972    0
92    11212    8    968    0
96    13152    8    968    0
67    11972    8    972    0
118    14052    9    1096    0
101    12328    8    972    0
77    12656    9    1088    0
111    13144    8    972    0
86    12520    8    972    0
102    13176    8    968    0
122    13684    9    1100    0
123    13724    9    1088    0
72    10856    8    960    0
127    13920    9    1092    0
114    14284    10    1212    0
158    15080    9    1092    0
128    13832    9    1080    0
167    14708    10    1212    0
80    11272    8    968    0
110    16504    10    1208    0
111    16004    9    1088    0
144    18380    10    1216    0
147    16112    9    1092    0
143    16564    9    1084    0
154    17792    10    1212    0
147    17920    10    1200    0
183    17504    10    1208    0
142    17148    9    1092    0
168    19048    10    1212    0
133    17672    9    1092    0
94    14960    8    968    0
181    17772    10    1216    0
176    20112    10    1216    0
203    18656    10    1212    0
164    18004    9    1092    0
157    17572    10    1220    0
125    14592    9    1088    0
139    17524    10    1204    0
168    19048    10    1212    0
139    16452    9    1088    0
140    16296    9    1096    0
230    21696    11    1332    0
152    18584    10    1208    0
207    19500    11    1340    0
152    18676    10    1208    0
186    19100    10    1220    0
147    17400    10    1208    0
158    17248    12    1452    0
211    19764    10    1220    0
205    22348    10    1208    0
215    22568    11    1320    0
229    22000    11    1336    0
166    20628    10    1204    0
188    20984    11    1328    0
241    22888    10    1208    0
192    21704    11    1332    0
190    21720    11    1332    0
282    23424    11    1328    0
288    23648    12    1452    0
195    23100    11    1336    0
190    21840    10    1212    0
227    24016    11    1332    0
182    20792    10    1216    0
222    23604    11    1332    0
156    19772    10    1204    0
202    21464    10    1216    0
228    24080    10    1216    0
189    22556    12    1440    0
185    22952    11    1324    0
176    20692    10    1208    0
162    21132    10    1220    0
143    20392    10    1208    0
242    22736    11    1336    0
163    20976    12    1452    0
177    21928    10    1208    0
211    22892    11    1332    0
221    24336    11    1328    0
222    23540    11    1336    0
309    26184    11    1340    0
257    28416    13    1568    0
353    30604    12    1456    0
353    29572    12    1448    0
203    25044    11    1324    0
200    25492    11    1328    0
283    29476    12    1452    0
300    31352    13    1564    0
188    24724    10    1208    0
223    27072    11    1328    0
225    26972    11    1332    0
316    27712    12    1444    0
382    30608    13    1568    0
318    28256    12    1448    0
250    28160    11    1336    0
225    27040    11    1336    0
223    25852    11    1328    0
319    29792    12    1456    0
211    29096    11    1332    0
237    28276    11    1328    0
288    27608    12    1440    0
254    27128    11    1336    0
273    28456    11    1328    0
231    24420    11    1328    0
241    26400    11    1336    0
257    26240    11    1328    0
314    27172    12    1448    0
172    23112    10    1212    0
397    33512    12    1452    0
197    25576    11    1324    0
245    28928    11    1344    0
303    31236    11    1340    0
281    31764    11    1328    0
255    31680    12    1460    0
246    29352    12    1452    0
204    28100    11    1328    0
273    30712    11    1336    0
316    32348    11    1332    0
354    33752    13    1568    0
301    31776    12    1452    0
245    30088    12    1448    0
433    34612    13    1580    0
286    33060    12    1460    0
392    34948    12    1444    0
316    31392    11    1328    0
256    30560    11    1336    0
283    31768    12    1444    0
382    35240    12    1456    0
286    31540    12    1448    0
310    30752    12    1452    0
258    30972    12    1440    0
382    34736    13    1580    0
348    33072    12    1456    0
296    31680    12    1456    0
293    32816    12    1452    0
303    33256    12    1464    0
337    32200    12    1452    0
334    32544    12    1444    0
305    30784    12    1452    0
310    35144    12    1460    0
351    33656    12    1460    0
374    38144    12    1464    0
325    37400    12    1464    0
298    37596    13    1568    0
502    42464    13    1580    0
324    36652    12    1456    0
399    38648    13    1564    0
413    39480    13    1580    0
321    35976    12    1460    0
321    36084    12    1452    0
293    34984    13    1568    0
334    36100    12    1468    0
451    38968    13    1572    0
333    36892    12    1456    0
484    40716    13    1564    0
312    34864    12    1448    0
357    36396    12    1452    0
358    37508    13    1564    0
356    37952    12    1464    0
346    35024    12    1448    0
311    36564    12    1456    0
296    36408    13    1572    0
306    35372    12    1448    0
371    36052    12    1460    0
352    38232    12    1460    0
426    37872    13    1584    0
409    40872    13    1568    0
416    38832    13    1572    0
286    33848    12    1444    0
378    39452    12    1452    0
363    40416    14    1684    0
378    42044    13    1576    0
544    46416    14    1692    0
388    40652    14    1696    0
402    42416    13    1580    0
406    41872    12    1448    0
469    45044    13    1564    0
355    40892    14    1696    0
331    40112    12    1456    0
508    44572    13    1576    0
380    43068    13    1572    0
373    40500    13    1576    0
444    41736    13    1576    0
395    42356    13    1564    0
435    44120    13    1564    0
362    42480    13    1584    0
427    42464    14    1704    0
497    44380    14    1692    0
375    41168    13    1564    0
499    44116    13    1580    0
384    41924    13    1568    0
395    41800    13    1576    0
343    39120    12    1464    0
404    42356    13    1564    0
368    41188    12    1456    0
332    39032    12    1444    0
490    44600    14    1688    0
423    43772    13    1572    0
350    39632    14    1700    0
357    41160    13    1572    0
538    44648    13    1576    0
685    51976    14    1684    0
391    43688    12    1456    0
390    45880    16    1940    0
619    51612    13    1576    0
461    46344    13    1580    0
411    44604    12    1460    0
597    49616    14    1696    0
370    42672    12    1452    0
477    45644    13    1564    0
544    47956    14    1704    0
488    47988    14    1704    0
562    50352    14    1708    0
433    48304    14    1692    0
477    49168    13    1588    0
449    47152    13    1576    0
349    44396    12    1456    0
412    46020    13    1576    0
375    44908    13    1568    0
400    46444    13    1568    0
508    48712    14    1696    0
510    48312    13    1568    0
567    49828    13    1580    0
476    47348    13    1576    0
465    47544    14    1692    0
381    45064    13    1580    0
598    50360    14    1688    0
557    50840    14    1692    0
459    49808    14    1712    0
481    47704    15    1812    0
583    52080    14    1692    0
443    50488    13    1576    0
682    59232    15    1820    0
481    53148    13    1572    0
550    52640    14    1696    0
590    53624    14    1692    0
754    57712    15    1820    0
594    52912    14    1696    0
752    59108    14    1696    0
553    55152    14    1700    0
511    50688    14    1688    0
609    53300    14    1692    0
514    52728    14    1688    0
539    51660    14    1684    0
675    58560    14    1700    0
438    49872    14    1692    0
413    48520    13    1572    0
479    51960    13    1588    0
491    52912    14    1692    0
460    51800    14    1692    0
351    45544    13    1576    0
507    52688    13    1572    0
510    51748    14    1696    0
507    52440    14    1696    0
477    50280    13    1576    0
504    53296    14    1692    0
741    57896    14    1696    0
605    54440    14    1704    0
500    53372    14    1692    0
484    50772    14    1700    0
549    53280    13    1584    0
517    54848    14    1692    0
515    56544    14    1700    0
657    60532    15    1820    0
697    63608    15    1816    0
598    55120    13    1576    0
793    63560    15    1828    0
544    55408    14    1696    0
556    57840    14    1696    0
558    56984    14    1712    0
891    66624    15    1804    0
591    59236    14    1700    0
691    59732    14    1684    0
568    57488    14    1692    0
516    54420    14    1688    0
645    61152    15    1812    0
588    58552    15    1804    0
533    55168    15    1820    0
486    54856    13    1580    0
608    58036    14    1696    0
669    59760    15    1808    0
544    57348    14    1696    0
546    57172    14    1692    0
496    56096    14    1704    0
488    55968    13    1584    0
640    58444    14    1692    0
509    53776    14    1688    0
535    57152    14    1692    0
746    63040    15    1800    0
659    61940    15    1816    0
492    56744    14    1692    0
699    66320    14    1700    0
495    58204    14    1700    0
603    64648    14    1704    0
700    63664    15    1804    0
569    60240    14    1704    0
597    59084    14    1696    0
627    60376    14    1688    0
514    58452    14    1688    0
684    67452    15    1812    0
590    63272    14    1696    0
589    61820    14    1704    0
659    63356    14    1692    0
648    64912    14    1700    0
555    60720    15    1816    0
520    60676    14    1696    0
741    66880    14    1692    0
759    67168    15    1808    0
652    63040    14    1688    0
655    65528    15    1812    0
509    59344    14    1688    0
566    59356    14    1688    0
717    65800    15    1816    0
615    63424    14    1700    0
789    68940    16    1940    0
625    62320    14    1692    0
635    62564    15    1824    0
702    66776    14    1700    0
666    63848    14    1700    0
622    61700    14    1696    0
802    64248    15    1812    0
585    64984    14    1700    0
550    64492    15    1804    0
801    71508    15    1808    0
732    66960    15    1820    0
691    66896    15    1824    0
669    66152    14    1704    0
821    72084    15    1820    0
674    68372    15    1820    0
746    70928    15    1816    0
668    69048    15    1828    0
930    73308    16    1940    0
628    68040    15    1808    0
729    70108    15    1812    0
609    64784    14    1692    0
713    71168    15    1816    0
621    65792    14    1704    0
803    73012    15    1820    0
552    66492    15    1808    0
708    67832    15    1836    0
874    73868    15    1824    0
710    69668    15    1816    0
870    73772    15    1812    0
772    70128    15    1816    0
824    72228    15    1820    0
1038    74892    16    1928    0
697    69368    15    1816    0
898    73784    15    1808    0
655    70732    14    1692    0
801    67192    15    1816    0
721    70048    14    1692    0
783    73584    15    1816    0
845    76124    16    1936    0
960    75336    15    1812    0
597    70928    14    1700    0
754    73988    15    1824    0
725    69856    15    1824    0
839    76000    15    1820    0
914    74872    15    1816    0
764    72144    15    1816    0
762    75772    15    1828    0
699    73808    15    1808    0
832    76096    15    1824    0
747    74108    15    1812    0
818    77312    15    1816    0
877    77808    15    1824    0
671    72384    14    1704    0
762    76856    15    1816    0
657    72252    15    1812    0
853    79584    15    1816    0
589    67412    14    1700    0
839    72920    15    1824    0
735    75232    15    1816    0
845    76572    16    1944    0
962    79188    15    1816    0
842    72808    15    1812    0
737    72600    15    1812    0
775    73576    16    1952    0
737    71156    15    1816    0
690    70448    15    1824    0
899    78732    15    1820    0
