41    2632    4    480    0
22    2584    3    364    0
35    3144    4    484    0
52    2720    5    612    0
25    2328    3    364    0
23    2160    3    368    0
58    3232    5    608    0
49    2984    5    604    0
30    2664    4    488    0
32    2828    4    484    0
36    2820    4    488    0
31    2656    4    488    0
59    2796    5    604    0
28    2208    3    360    0
64    2948    5    600    0
24    2180    3    360    0
35    2432    4    480    0
32    2548    4    492    0
37    2724    4    480    0
50    2988    4    484    0
51    3112    4    488    0
47    2808    4    484    0
28    2504    4    484    0
30    2812    4    484    0
24    2464    4    484    0
41    2496    4    484    0
25    2336    4    480    0
61    3372    5    600    0
33    2384    4    480    0
23    2456    3    364    0
77    5952    5    604    0
93    5520    5    608    0
48    4684    4    488    0
103    6048    5    612    0
53    5448    4    488    0
100    6000    5    608    0
142    7632    6    728    0
55    5568    5    604    0
70    5844    5    612    0
88    5736    6    720    0
122    6188    6    724    0
195    7944    6    728    0
81    5840    5    608    0
145    6256    6    720    0
82    5552    5    600    0
46    5384    5    604    0
78    5808    5    600    0
76    5900    6    728    0
77    5932    5    608    0
84    5580    5    604    0
70    5172    5    604    0
97    5556    5    604    0
78    5404    5    600    0
57    5204    5    604    0
178    7804    6    720    0
68    5260    5    604    0
81    5260    5    608    0
83    5828    5    608    0
54    5164    5    604    0
210    8512    6    732    0
144    9784    6    728    0
126    9468    6    720    0
154    9716    6    728    0
91    9416    6    724    0
202    10564    7    844    0
279    11972    7    852    0
195    10484    7    848    0
167    9532    6    732    0
94    8592    6    724    0
182    10680    7    844    0
188    11424    6    724    0
173    10040    6    728    0
152    9872    6    728    0
107    8456    5    608    0
133    9504    6    724    0
219    10700    6    724    0
132    10640    7    844    0
135    9924    7    852    0
108    9008    5    604    0
191    10460    6    728    0
160    9616    7    840    0
265    10840    7    856    0
153    9992    6    736    0
196    10096    6    724    0
240    10908    7    848    0
149    10828    6    728    0
186    10276    6    728    0
181    10628    6    728    0
127    9464    6    728    0
194    9504    6    720    0
286    13904    7    844    0
171    12448    6    728    0
168    12968    7    844    0
289    13628    7    856    0
195    13044    7    844    0
178    13048    7    848    0
268    12708    7    844    0
296    13952    7    848    0
194    12792    7    848    0
186    12564    7    840    0
534    16376    8    964    0
455    16104    8    964    0
214    11848    6    728    0
277    14072    7    848    0
203    13568    7    848    0
320    14300    7    844    0
384    14032    7    848    0
194    13156    7    848    0
248    13688    7    852    0
192    13024    7    852    0
373    15096    7    848    0
205    12992    7    840    0
204    12612    7    848    0
228    12660    7    840    0
185    12512    7    848    0
181    12104    7    840    0
186    13140    6    728    0
164    12932    6    724    0
155    12432    7    844    0
204    13160    7    848    0
359    18076    8    964    0
246    14664    7    848    0
681    20448    8    972    0
342    17244    7    848    0
387    17936    7    844    0
178    14616    7    856    0
272    15648    7    848    0
300    15720    7    848    0
441    17848    8    972    0
346    16880    7    860    0
285    16584    7    848    0
332    16452    8    964    0
589    19736    8    968    0
415    17600    7    852    0
303    16632    7    848    0
296    16112    7    852    0
312    16816    7    852    0
187    14304    7    848    0
297    15840    7    848    0
308    17204    8    968    0
200    15512    6    728    0
339    17196    7    844    0
360    17656    7    852    0
398    17276    7    852    0
617    20568    8    972    0
323    16368    7    848    0
290    16464    7    852    0
280    15676    7    844    0
404    17360    8    968    0
690    19992    8    972    0
442    20288    7    848    0
658    22332    8    968    0
410    21192    8    968    0
487    21172    8    976    0
621    23712    8    972    0
583    22228    8    972    0
564    21656    8    964    0
310    19656    7    852    0
364    19456    7    852    0
414    19504    7    852    0
406    20212    7    852    0
394    20944    8    964    0
621    23032    8    968    0
310    19116    7    844    0
367    20296    7    852    0
442    21096    8    980    0
531    21348    8    964    0
672    22208    8    964    0
363    19828    8    968    0
638    23592    8    972    0
377    20504    7    844    0
313    18800    7    852    0
238    16760    7    844    0
451    20348    8    968    0
374    20520    7    848    0
578    21324    8    968    0
300    18552    7    856    0
371    20640    7    852    0
545    23172    8    972    0
335    19736    8    968    0
359    21924    8    964    0
590    25840    8    972    0
653    26564    8    972    0
505    24944    8    964    0
458    22984    8    968    0
422    23484    8    972    0
375    21816    7    848    0
621    24320    8    972    0
465    23436    8    964    0
577    24520    8    972    0
585    24976    8    968    0
657    26452    8    968    0
861    27884    9    1096    0
396    22812    7    860    0
344    21964    8    960    0
1029    28836    9    1092    0
631    24120    8    968    0
545    23180    8    976    0
357    21356    7    852    0
453    25460    8    968    0
456    23652    8    964    0
337    20744    8    972    0
600    24944    8    960    0
330    22680    8    964    0
673    24772    8    968    0
1048    29400    9    1088    0
729    26944    8    968    0
394    22928    7    852    0
503    24220    8    972    0
532    23780    8    972    0
541    25988    8    972    0
666    27012    8    968    0
441    25088    8    968    0
551    27040    8    976    0
972    30980    9    1088    0
689    28880    8    972    0
604    27556    8    972    0
523    27252    8    976    0
523    27012    8    968    0
600    27640    8    972    0
613    28304    8    968    0
585    27288    9    1084    0
674    28892    8    976    0
654    27600    8    972    0
707    28180    8    964    0
626    26728    8    968    0
371    25176    8    972    0
1083    31752    9    1092    0
423    25332    8    980    0
676    28884    8    976    0
656    28164    8    972    0
1062    31808    9    1084    0
841    30532    9    1088    0
611    28228    9    1096    0
532    26056    8    972    0
409    25544    8    968    0
651    27568    8    972    0
672    30288    8    972    0
759    29528    9    1096    0
620    28112    8    972    0
1043    35320    9    1084    0
531    30300    8    976    0
628    30200    8    972    0
784    32140    9    1088    0
518    28504    8    968    0
793    32224    9    1088    0
485    29308    8    972    0
727    31248    8    972    0
1431    37396    9    1100    0
693    30616    8    964    0
804    33160    9    1092    0
490    28400    8    968    0
798    31572    9    1100    0
636    30128    8    968    0
892    33420    8    972    0
658    30600    8    968    0
1137    35616    9    1084    0
686    32380    8    976    0
903    34080    9    1084    0
477    28580    8    980    0
781    32120    8    972    0
598    29484    8    972    0
766    31436    8    976    0
689    30644    8    972    0
640    29880    8    968    0
1014    33800    9    1092    0
435    28864    8    972    0
674    30716    8    972    0
697    30404    8    972    0
1058    33956    9    1088    0
598    33368    9    1092    0
507    30108    8    968    0
674    32876    9    1088    0
621    32828    9    1096    0
723    34740    9    1088    0
592    31176    8    968    0
1140    38936    9    1092    0
850    34640    8    972    0
765    35332    9    1096    0
1146    36440    9    1092    0
736    34096    8    980    0
479    30896    9    1080    0
1231    39468    9    1084    0
669    33664    8    972    0
650    32944    9    1080    0
1353    41940    10    1212    0
656    33104    8    972    0
807    33528    8    972    0
898    34520    9    1100    0
860    35272    9    1080    0
900    35628    9    1084    0
743    35068    9    1092    0
766    34728    8    976    0
1103    37432    9    1096    0
939    36416    9    1088    0
696    34212    9    1092    0
793    34088    9    1084    0
724    34168    8    972    0
664    33640    8    976    0
670    32016    8    968    0
1205    41068    9    1092    0
1041    39224    9    1084    0
1169    40576    9    1096    0
692    36480    9    1088    0
822    38612    9    1088    0
2552    52896    10    1204    0
764    37396    9    1084    0
1233    41320    9    1092    0
955    39804    9    1100    0
761    36360    9    1092    0
1188    40656    9    1092    0
1089    40840    9    1088    0
933    37344    9    1092    0
688    36556    9    1084    0
1903    47320    10    1208    0
1273    42804    9    1100    0
1141    40316    9    1092    0
816    38268    9    1084    0
646    35440    8    980    0
1099    39680    9    1096    0
823    37072    9    1096    0
1110    38808    9    1092    0
981    37952    9    1088    0
649    34508    8    976    0
821    36772    8    976    0
950    37836    9    1080    0
864    37580    8    976    0
1050    39844    9    1080    0
1306    41992    9    1092    0
699    37580    9    1092    0
1556    46400    9    1088    0
756    38292    8    976    0
1039    43376    9    1100    0
1294    44988    9    1100    0
750    39256    9    1092    0
970    40960    9    1092    0
803    40152    8    976    0
833    39024    9    1084    0
854    40628    9    1088    0
714    38204    8    976    0
1126    43896    9    1096    0
823    40904    9    1088    0
1242    42136    9    1092    0
1061    43304    9    1088    0
1179    42828    10    1216    0
1253    44744    9    1092    0
657    38416    8    976    0
1407    45736    9    1096    0
1095    41512    9    1096    0
811    40216    9    1088    0
1051    42260    9    1088    0
985    43244    9    1088    0
1123    43292    9    1096    0
705    38020    8    976    0
1255    44492    9    1088    0
818    39728    8    972    0
1513    47696    9    1100    0
652    36680    8    968    0
945    39520    9    1092    0
1165    43960    9    1096    0
1363    48164    9    1088    0
2171    55720    10    1200    0
933    42332    9    1092    0
1415    49228    9    1100    0
643    39864    9    1084    0
1235    46664    9    1092    0
1345    46716    9    1100    0
756    42008    9    1092    0
1313    48300    9    1100    0
1072    44148    9    1100    0
1362    47332    9    1092    0
1617    50064    10    1208    0
1055    44692    9    1088    0
743    41072    9    1088    0
1301    47592    9    1096    0
1341    47828    9    1088    0
898    43860    9    1088    0
928    43156    9    1092    0
1629    52124    9    1092    0
959    43224    11    1328    0
1278    48160    9    1096    0
2165    55856    10    1220    0
1735    52064    10    1204    0
1116    45376    9    1092    0
2101    54564    10    1212    0
968    43364    9    1088    0
1746    54428    9    1092    0
1117    45388    9    1092    0
1132    46808    9    1096    0
1423    49124    9    1096    0
1280    50024    9    1088    0
1259    49940    9    1100    0
2217    59484    10    1212    0
879    45352    9    1092    0
1377    51032    9    1096    0
918    45880    9    1100    0
1311    50724    9    1096    0
886    46992    9    1096    0
1194    46964    9    1092    0
1780    54896    10    1216    0
1298    49748    9    1088    0
1052    46840    9    1088    0
1220    50688    9    1096    0
1444    52460    10    1208    0
1260    50656    9    1096    0
1044    47168    9    1092    0
1188    50696    10    1212    0
739    44828    9    1096    0
944    47392    9    1088    0
1067    47240    9    1092    0
837    45868    9    1088    0
1529    51984    9    1092    0
1493    52512    9    1088    0
1406    50884    9    1096    0
1126    49028    9    1096    0
1463    50800    9    1096    0
809    44904    9    1088    0
2031    56848    10    1208    0
1724    53596    10    1200    0
865    48536    9    1096    0
1631    55148    9    1092    0
1047    52816    10    1204    0
1328    53280    9    1096    0
2050    58936    10    1216    0
1534    54292    10    1204    0
1245    50552    9    1104    0
1273    51776    9    1092    0
1384    53512    9    1096    0
1000    50224    9    1088    0
1183    49848    9    1096    0
1055    49432    9    1096    0
1300    52476    10    1216    0
1443    54996    9    1096    0
1200    51820    9    1096    0
2251    61704    10    1208    0
2060    59000    10    1212    0
1216    50904    9    1096    0
1011    50108    9    1092    0
2219    59912    10    1208    0
1730    56448    9    1092    0
1692    57692    10    1212    0
1525    54040    10    1204    0
1521    54856    9    1100    0
1307    54076    9    1088    0
1496    53796    9    1100    0
1324    54924    9    1100    0
876    47940    9    1084    0
877    47248    9    1096    0
1248    53036    10    1208    0
1468    55396    10    1200    0
