12    4536    3    792    0
19    5180    4    1060    0
19    5476    4    1060    0
17    4900    5    1320    0
22    5512    5    1320    0
18    5780    5    1320    0
21    4648    4    1060    0
20    5200    4    1064    0
22    5528    4    1060    0
18    5188    4    1064    0
19    5752    4    1068    0
15    5432    4    1060    0
16    5148    4    1060    0
16    4880    4    1060    0
30    5324    6    1588    0
17    5184    4    1060    0
13    4856    4    1056    0
32    7580    7    1852    0
17    4608    4    1064    0
43    8220    6    1592    0
16    5156    4    1060    0
33    5908    6    1588    0
21    5500    4    1064    0
30    6436    5    1328    0
18    5464    5    1320    0
22    5504    4    1068    0
17    4608    4    1056    0
21    5796    5    1324    0
20    5476    4    1060    0
12    4844    4    1056    0
55    12796    7    1856    0
54    13952    7    1864    0
50    14184    7    1852    0
48    11860    6    1592    0
55    13912    7    1848    0
70    12348    7    1864    0
70    13796    7    1848    0
70    13464    7    1856    0
76    14388    7    1852    0
62    13408    8    2112    0
83    15080    8    2124    0
49    13864    6    1592    0
36    12292    6    1588    0
47    12992    7    1852    0
84    15904    7    1856    0
35    11160    6    1588    0
75    14144    8    2112    0
56    13384    6    1596    0
49    12704    7    1852    0
54    13620    7    1860    0
36    11472    6    1588    0
44    12420    7    1848    0
38    12348    6    1592    0
51    12740    6    1588    0
42    12392    6    1592    0
38    12040    6    1596    0
56    13948    7    1852    0
46    12696    7    1852    0
95    14580    8    2120    0
54    13032    7    1852    0
105    20560    9    2388    0
91    20112    8    2120    0
104    21116    8    2116    0
88    22120    9    2384    0
127    21268    9    2388    0
132    21096    9    2396    0
78    20564    8    2124    0
129    22156    8    2124    0
105    21380    9    2384    0
94    21284    9    2380    0
121    20360    8    2124    0
75    17980    7    1856    0
93    18976    8    2128    0
88    19852    8    2120    0
111    21444    9    2384    0
76    21384    8    2132    0
111    20904    9    2384    0
131    21912    10    2656    0
75    19672    8    2124    0
70    18528    8    2120    0
114    20904    9    2384    0
95    21300    9    2380    0
82    20332    9    2376    0
98    19312    8    2124    0
79    18024    9    2384    0
81    21172    8    2120    0
156    22752    10    2648    0
84    19472    8    2116    0
127    19896    9    2388    0
110    19152    9    2388    0
116    26484    9    2392    0
130    25480    9    2388    0
120    26540    10    2648    0
115    27064    10    2648    0
141    29304    10    2640    0
173    26992    10    2656    0
165    27536    11    2924    0
109    26168    9    2380    0
138    29228    9    2388    0
184    27968    10    2652    0
191    30072    10    2656    0
180    26536    10    2656    0
137    27560    10    2648    0
119    27656    9    2396    0
169    28112    10    2652    0
183    28832    10    2644    0
116    26468    10    2648    0
177    28244    11    2916    0
129    28280    9    2388    0
144    29304    9    2384    0
163    29792    9    2384    0
196    31272    11    2916    0
167    28132    9    2388    0
164    30084    10    2644    0
139    28708    9    2392    0
119    26804    9    2388    0
117    26272    9    2384    0
104    24412    8    2120    0
123    24912    10    2656    0
134    28092    10    2648    0
149    30668    9    2384    0
170    34272    10    2648    0
220    36424    10    2656    0
253    35592    11    2904    0
144    34060    10    2652    0
148    35256    11    2912    0
196    36224    11    2908    0
184    36964    12    3176    0
203    36264    11    2908    0
217    38132    11    2916    0
200    34596    10    2664    0
180    37208    10    2652    0
185    34428    11    2916    0
158    32744    10    2660    0
222    37328    10    2652    0
135    34540    10    2644    0
146    33776    10    2652    0
140    32856    9    2388    0
197    34860    10    2652    0
153    34956    10    2644    0
140    32928    9    2396    0
155    34728    10    2656    0
185    36104    10    2656    0
208    40320    11    2924    0
217    37312    13    3444    0
176    36304    10    2648    0
152    35548    10    2656    0
208    36580    10    2656    0
185    36680    11    2912    0
151    32104    10    2648    0
263    44728    12    3180    0
275    46812    11    2924    0
220    41160    11    2912    0
320    45236    11    2920    0
222    44308    11    2916    0
236    43900    12    3184    0
274    45652    12    3168    0
219    41220    11    2920    0
252    42624    12    3188    0
240    42540    11    2920    0
226    44352    12    3180    0
249    44296    11    2920    0
210    42204    10    2652    0
223    44896    11    2908    0
255    45772    12    3180    0
206    41376    11    2920    0
189    41456    11    2912    0
252    41480    11    2916    0
204    41592    11    2916    0
212    41372    10    2656    0
342    45704    12    3192    0
266    43336    11    2924    0
286    43792    11    2920    0
297    44712    11    2916    0
204    41028    11    2920    0
175    41356    10    2652    0
220    42872    12    3180    0
267    42984    11    2908    0
265    43608    11    2920    0
265    45592    12    3176    0
314    48464    11    2912    0
247    46160    11    2928    0
291    47688    12    3176    0
258    49096    12    3184    0
293    51112    12    3180    0
248    50436    12    3176    0
236    46908    12    3168    0
275    48956    11    2924    0
383    55388    14    3704    0
371    50440    13    3448    0
257    49644    11    2920    0
271    50928    11    2920    0
279    51320    13    3440    0
246    46400    11    2916    0
248    45048    11    2924    0
243    46952    11    2920    0
244    50680    11    2920    0
243    46720    11    2920    0
286    53608    12    3184    0
361    47488    13    3448    0
245    50976    11    2924    0
353    51656    12    3192    0
320    50520    11    2912    0
195    44260    10    2652    0
230    48328    12    3176    0
198    46860    11    2920    0
222    49616    11    2912    0
261    52556    11    2912    0
230    45736    11    2916    0
273    48160    11    2916    0
389    64984    12    3192    0
296    56160    12    3184    0
405    61964    13    3444    0
460    61888    14    3712    0
326    61320    12    3196    0
492    61932    13    3444    0
288    54948    11    2924    0
337    59348    13    3452    0
251    56584    12    3184    0
295    55020    12    3172    0
362    59344    15    3960    0
426    62780    13    3440    0
253    53784    11    2924    0
285    56340    12    3188    0
412    59856    13    3444    0
365    60456    13    3440    0
321    55256    12    3176    0
318    58416    12    3176    0
363    60496    12    3188    0
421    60160    13    3448    0
361    62448    12    3184    0
370    59960    12    3184    0
304    57672    11    2920    0
258    55520    11    2920    0
433    61668    13    3452    0
360    59864    12    3176    0
425    63860    13    3444    0
377    59168    12    3188    0
316    60012    12    3184    0
386    59040    13    3448    0
399    67556    13    3452    0
467    68692    13    3448    0
361    68620    12    3192    0
413    68776    13    3448    0
301    64640    12    3180    0
442    72216    13    3444    0
417    64588    14    3700    0
563    72152    14    3712    0
370    68128    12    3180    0
344    62764    12    3188    0
409    67592    12    3180    0
356    64852    13    3448    0
426    66364    14    3708    0
413    63956    12    3184    0
354    63696    12    3180    0
387    63104    12    3184    0
323    67400    13    3448    0
367    65508    13    3452    0
455    71148    14    3708    0
381    67360    13    3440    0
381    67108    12    3184    0
431    65784    13    3444    0
355    66288    13    3444    0
524    67552    14    3716    0
324    64804    12    3184    0
426    64912    13    3440    0
423    64024    13    3448    0
385    69072    13    3444    0
460    67204    12    3184    0
343    64724    13    3448    0
517    79572    14    3704    0
502    77524    13    3452    0
360    66200    12    3184    0
425    74520    13    3460    0
484    74176    14    3720    0
357    71040    12    3192    0
650    74240    14    3704    0
456    75656    13    3452    0
452    70468    13    3452    0
426    74240    12    3192    0
525    77384    14    3704    0
434    73136    13    3440    0
457    76476    14    3716    0
524    77120    14    3716    0
458    76512    14    3704    0
411    71796    13    3464    0
434    72064    13    3464    0
405    75424    13    3444    0
498    74604    13    3444    0
391    71904    13    3436    0
572    75516    14    3708    0
498    78012    14    3704    0
481    75860    13    3448    0
482    74456    14    3708    0
566    75200    14    3712    0
431    71408    13    3436    0
575    75544    13    3452    0
329    71296    13    3456    0
504    72304    14    3700    0
464    74280    13    3452    0
489    86332    14    3700    0
619    81536    15    3972    0
629    87348    14    3720    0
467    79880    13    3452    0
565    84440    14    3712    0
529    77872    14    3716    0
443    80536    13    3452    0
345    76720    13    3444    0
541    83144    14    3712    0
650    84068    14    3712    0
492    80944    13    3448    0
534    84164    13    3440    0
525    81588    13    3452    0
621    84364    14    3704    0
544    86588    13    3456    0
408    77676    13    3448    0
552    86648    14    3716    0
411    81936    13    3456    0
453    81756    13    3456    0
541    84508    14    3704    0
574    87944    14    3708    0
613    80312    14    3720    0
707    84064    15    3972    0
533    85264    13    3452    0
595    86196    15    3968    0
467    82684    14    3700    0
487    84896    13    3456    0
530    82992    14    3704    0
453    81780    13    3448    0
492    82116    14    3712    0
715    94280    15    3972    0
551    89324    14    3720    0
653    97688    15    3972    0
483    87876    13    3448    0
714    95628    14    3716    0
683    91380    14    3712    0
486    89636    14    3708    0
753    97728    15    3976    0
599    88048    14    3712    0
628    88868    15    3976    0
446    87532    14    3712    0
553    90488    14    3716    0
575    90976    14    3704    0
495    91448    14    3720    0
490    87980    14    3708    0
721    97972    15    3972    0
656    91136    14    3712    0
515    90764    15    3980    0
504    87212    13    3452    0
477    90144    14    3704    0
859    96092    16    4236    0
487    83360    13    3448    0
565    89788    13    3448    0
696    93272    14    3716    0
532    92332    13    3452    0
455    85900    13    3444    0
835    94480    15    3988    0
604    97256    14    3716    0
681    93156    14    3712    0
498    89752    13    3456    0
767    96320    15    3984    0
625    93880    15    3964    0
829    103404    15    3984    0
601    96812    15    3984    0
823    99384    15    3976    0
572    100212    14    3720    0
538    95672    14    3712    0
876    105272    15    3980    0
649    98040    14    3716    0
564    96184    13    3456    0
594    94456    15    3976    0
568    95376    15    3976    0
573    101696    15    3976    0
885    98492    15    3972    0
832    102288    15    3968    0
701    98872    14    3724    0
597    100200    14    3700    0
749    101776    15    3980    0
741    99476    14    3716    0
570    101912    15    3972    0
590    102952    15    3988    0
651    102400    14    3716    0
756    105288    14    3720    0
621    92148    14    3712    0
633    97392    14    3712    0
669    95132    14    3700    0
682    99612    15    3972    0
941    101888    16    4232    0
748    105248    14    3712    0
589    96648    14    3708    0
684    107696    14    3716    0
594    103424    14    3716    0
733    107256    15    3972    0
818    111728    15    3980    0
719    115088    16    4236    0
599    104396    15    3984    0
639    103576    14    3716    0
531    102272    14    3708    0
702    110336    15    3980    0
750    111096    15    3976    0
633    104696    15    3972    0
667    105860    15    3984    0
837    108188    15    3980    0
707    112676    15    3972    0
655    106824    14    3712    0
643    105596    14    3716    0
609    105920    15    3968    0
702    107896    14    3716    0
725    110296    15    3980    0
729    110968    14    3712    0
655    108824    14    3716    0
783    111392    14    3720    0
629    107168    15    3972    0
794    106144    15    3964    0
675    106452    15    3976    0
592    108564    15    3980    0
613    103116    15    3960    0
490    101696    14    3704    0
738    107052    14    3716    0
748    106540    15    3976    0
780    121424    15    3980    0
683    116656    15    3964    0
736    114900    15    3972    0
707    113976    14    3716    0
665    113876    15    3972    0
712    113444    15    3972    0
817    117536    16    4236    0
629    116352    14    3716    0
710    116008    15    3972    0
636    108024    15    3968    0
665    117812    15    3980    0
935    121188    15    3976    0
649    113452    15    3972    0
818    117804    15    3976    0
805    113472    15    3984    0
563    109012    14    3712    0
642    112512    14    3716    0
815    115268    16    4252    0
791    118156    15    3980    0
694    114696    14    3708    0
750    113228    15    3964    0
828    119364    15    3984    0
1009    119856    15    3984    0
716    111200    14    3720    0
632    111356    14    3716    0
746    113456    15    3976    0
637    115612    14    3720    0
756    114144    15    3984    0
673    110596    15    3976    0
694    117836    15    3964    0
