7    5088    5    1324    0
15    6028    6    1588    0
15    7680    6    1592    0
13    7644    7    1856    0
15    8272    9    2380    0
10    5960    6    1588    0
13    7668    7    1856    0
26    8656    10    2652    0
15    7968    7    1852    0
8    5960    7    1852    0
23    10652    10    2656    0
13    9128    9    2384    0
8    6520    5    1324    0
13    7656    7    1848    0
13    6272    6    1592    0
14    6296    6    1584    0
13    6280    6    1592    0
15    9144    10    2648    0
13    7952    7    1852    0
10    5976    6    1592    0
12    5452    6    1588    0
22    8612    10    2648    0
10    6280    7    1848    0
16    7952    6    1588    0
12    5432    6    1588    0
13    6288    6    1588    0
8    5092    5    1320    0
16    7712    8    2124    0
9    7908    8    2124    0
15    6272    7    1852    0
29    16528    13    3436    0
37    17780    13    3448    0
35    18568    12    3172    0
29    14812    10    2648    0
16    15000    10    2660    0
29    15672    10    2648    0
35    16856    12    3176    0
36    18896    12    3176    0
37    17736    15    3968    0
33    16292    11    2912    0
26    16240    12    3176    0
25    14780    10    2644    0
31    16268    11    2912    0
32    15728    10    2644    0
25    15636    10    2648    0
26    15928    11    2920    0
22    16180    11    2912    0
39    19788    15    3976    0
31    15432    11    2920    0
28    14524    12    3172    0
35    16596    11    2916    0
31    17136    11    2912    0
21    13940    10    2640    0
20    13916    10    2648    0
25    14556    10    2644    0
32    16864    13    3444    0
29    14816    11    2920    0
26    16232    11    2920    0
32    15424    11    2912    0
24    13080    10    2648    0
52    28336    17    4516    0
35    24724    15    3980    0
32    21852    14    3708    0
57    27212    15    3972    0
39    24476    14    3704    0
60    27528    15    3984    0
51    24276    15    3976    0
43    27400    16    4244    0
52    27224    16    4240    0
38    25620    16    4240    0
57    24932    15    3968    0
61    26108    15    3968    0
52    26624    19    5048    0
59    27236    18    4764    0
54    24904    15    3980    0
53    25224    17    4500    0
50    27728    18    4772    0
72    26808    16    4244    0
43    24232    15    3976    0
39    23944    14    3712    0
50    26312    17    4492    0
55    30064    18    4768    0
49    26000    16    4236    0
70    30176    21    5568    0
57    24368    15    3976    0
44    26000    18    4760    0
66    27880    16    4232    0
46    27960    18    4764    0
58    25812    16    4236    0
51    26056    15    3988    0
84    38260    21    5568    0
68    35744    18    4764    0
73    36376    20    5300    0
63    33164    17    4512    0
73    36352    18    4772    0
61    32816    16    4244    0
65    35472    17    4508    0
64    35436    17    4504    0
65    34288    19    5036    0
85    38808    23    6108    0
76    33840    17    4508    0
70    38376    22    5824    0
73    39760    19    5028    0
93    36312    21    5576    0
55    31096    15    3972    0
67    35744    21    5560    0
65    34548    19    5036    0
67    35736    18    4784    0
71    39244    19    5028    0
67    36316    17    4500    0
108    40416    21    5572    0
89    30556    21    5564    0
71    37232    22    5824    0
66    36308    18    4772    0
69    37996    20    5300    0
68    35180    19    5028    0
65    35168    21    5556    0
62    32304    18    4760    0
75    34376    17    4516    0
71    39516    21    5568    0
119    47752    21    5572    0
81    43696    22    5828    0
119    48940    22    5844    0
100    45320    22    5832    0
127    50436    23    6100    0
75    43356    18    4768    0
90    47476    21    5564    0
126    50156    22    5820    0
111    44568    21    5568    0
109    48840    22    5832    0
71    40180    20    5304    0
97    45600    22    5828    0
126    47260    21    5572    0
138    51868    24    6352    0
108    48844    23    6084    0
96    48452    23    6088    0
123    44704    21    5564    0
71    43932    22    5836    0
93    45856    23    6100    0
90    45248    21    5560    0
120    49280    22    5828    0
72    42856    23    6092    0
112    45424    23    6100    0
129    45056    21    5568    0
105    47924    22    5832    0
117    45504    21    5564    0
112    53696    21    5568    0
78    41196    21    5564    0
115    49748    22    5832    0
113    50832    23    6100    0
143    59580    25    6620    0
121    59440    25    6612    0
169    58388    28    7416    0
121    57600    23    6100    0
119    58808    26    6892    0
125    57108    22    5820    0
116    49608    23    6088    0
116    61056    25    6612    0
128    54864    22    5844    0
120    53376    23    6080    0
121    55956    28    7408    0
139    62596    26    6880    0
134    56968    24    6356    0
120    57912    25    6620    0
121    56224    23    6092    0
129    57660    22    5844    0
123    57700    24    6348    0
153    59032    22    5836    0
129    53672    22    5832    0
119    53072    22    5824    0
110    58700    26    6884    0
119    54524    23    6092    0
119    56472    22    5832    0
112    55000    22    5832    0
127    56248    27    7156    0
116    57352    23    6096    0
129    58888    27    7148    0
113    52144    22    5824    0
121    56180    27    7148    0
132    57156    25    6620    0
140    62532    24    6352    0
134    69944    24    6364    0
150    67524    27    7148    0
137    63356    24    6364    0
157    59616    28    7428    0
139    68288    25    6624    0
124    62392    23    6104    0
140    69116    25    6632    0
133    60784    22    5836    0
127    65000    24    6380    0
148    63236    24    6344    0
130    72144    27    7136    0
131    64176    27    7156    0
139    62208    26    6884    0
142    63120    24    6352    0
127    60100    21    5568    0
157    68944    26    6888    0
156    72368    27    7140    0
136    65628    23    6092    0
134    63092    26    6892    0
126    66184    24    6356    0
134    67632    25    6616    0
130    65820    26    6872    0
175    66884    28    7412    0
168    65608    25    6624    0
155    65832    28    7408    0
128    64740    24    6356    0
129    61600    22    5824    0
130    62456    24    6364    0
150    62920    24    6356    0
203    73264    28    7396    0
144    78712    29    7692    0
142    76680    27    7140    0
151    81876    27    7152    0
148    74468    25    6612    0
146    76148    26    6884    0
142    72128    27    7152    0
172    75816    28    7412    0
137    69256    26    6892    0
202    77820    28    7416    0
236    87832    29    7704    0
202    73568    28    7420    0
142    73588    27    7152    0
190    81424    28    7412    0
142    71580    24    6372    0
143    73856    26    6892    0
194    79424    28    7412    0
138    70688    25    6628    0
146    74420    28    7440    0
161    70260    24    6352    0
229    76972    28    7424    0
155    76800    28    7412    0
223    73972    28    7428    0
161    76848    28    7404    0
239    81268    29    7676    0
128    69460    26    6892    0
179    72196    28    7404    0
152    81288    27    7168    0
153    76016    28    7416    0
204    78112    29    7680    0
214    78112    28    7436    0
252    98656    31    8200    0
256    83864    29    7668    0
214    93184    32    8492    0
158    89564    35    9252    0
152    86924    28    7424    0
258    93280    31    8204    0
185    87028    30    7944    0
172    83752    29    7684    0
231    84792    29    7684    0
190    82760    29    7676    0
238    90500    30    7952    0
261    92764    32    8468    0
187    87920    28    7432    0
237    88544    29    7680    0
149    76392    27    7160    0
189    91848    29    7700    0
237    94216    29    7664    0
219    88704    30    7956    0
248    97236    32    8476    0
262    94192    30    7960    0
156    82712    27    7152    0
149    80684    26    6884    0
182    90312    28    7420    0
222    84720    29    7692    0
239    95980    29    7688    0
184    90944    28    7420    0
226    86220    29    7676    0
207    88864    29    7680    0
247    96624    31    8196    0
252    103352    29    7684    0
268    102108    29    7696    0
206    96408    30    7948    0
206    94368    28    7428    0
258    98600    31    8208    0
190    94832    29    7680    0
252    104248    31    8212    0
239    106124    32    8488    0
262    100084    31    8212    0
255    101648    31    8212    0
240    93820    29    7676    0
202    92692    31    8196    0
208    96800    29    7684    0
245    97400    29    7680    0
257    102824    33    8728    0
227    100844    29    7700    0
239    100096    30    7964    0
182    84768    28    7432    0
226    96052    31    8216    0
242    99312    32    8472    0
254    102208    29    7684    0
230    103480    34    9016    0
265    104952    31    8216    0
193    93136    32    8476    0
249    103104    33    8740    0
235    104432    34    9012    0
245    102388    29    7692    0
243    100408    33    8720    0
216    94580    29    7692    0
239    93100    31    8216    0
253    112948    31    8208    0
323    114368    32    8484    0
236    98068    30    7952    0
255    108112    30    7956    0
282    111696    31    8224    0
238    106848    29    7692    0
229    105520    31    8212    0
278    102104    32    8476    0
205    100328    30    7944    0
236    107100    35    9252    0
252    114608    29    7700    0
282    111760    32    8472    0
247    104928    31    8220    0
264    120084    33    8748    0
253    118636    34    9024    0
272    114252    36    9540    0
288    116652    31    8220    0
271    111632    34    9016    0
253    102716    30    7952    0
268    107968    30    7948    0
274    109932    32    8472    0
243    101800    30    7944    0
255    106668    30    7948    0
286    115192    35    9276    0
304    110640    36    9528    0
229    103936    31    8212    0
229    110960    31    8216    0
224    97864    31    8212    0
255    112036    34    9008    0
265    107944    30    7960    0
264    114036    33    8760    0
228    111500    34    8992    0
261    119612    35    9264    0
254    114992    32    8476    0
278    120628    31    8216    0
265    118864    35    9268    0
284    118700    34    9020    0
257    124764    34    8988    0
398    128936    36    9544    0
246    116996    31    8228    0
258    118276    35    9272    0
286    119360    35    9268    0
289    123656    35    9268    0
279    122392    30    7968    0
282    125860    33    8728    0
282    119640    34    9012    0
270    117488    36    9536    0
292    121912    31    8212    0
295    123112    35    9280    0
266    117168    32    8488    0
405    132188    36    9540    0
268    119212    35    9296    0
267    124884    30    7948    0
270    112992    30    7952    0
259    114016    31    8224    0
273    125800    35    9268    0
349    125596    36    9548    0
279    124936    32    8476    0
278    121612    35    9268    0
278    118508    32    8492    0
269    123352    35    9260    0
285    123784    32    8492    0
319    140288    35    9272    0
273    131368    33    8748    0
299    122456    36    9540    0
310    129948    33    8740    0
299    131368    38    10076    0
415    141228    36    9532    0
282    127404    32    8480    0
278    136240    34    9020    0
278    126872    38    10064    0
290    132088    35    9288    0
291    126904    33    8740    0
270    127356    36    9544    0
309    129420    33    8752    0
320    129216    35    9268    0
266    126700    31    8200    0
274    125988    33    8748    0
252    121800    34    9024    0
265    125224    33    8736    0
286    138584    35    9276    0
288    131484    36    9556    0
268    130944    36    9548    0
301    129592    31    8208    0
382    133452    36    9552    0
267    124752    32    8496    0
305    126576    37    9792    0
338    126284    33    8740    0
273    129036    34    9020    0
278    129404    32    8492    0
322    141936    39    10336    0
311    139892    35    9272    0
282    131324    34    9004    0
301    144328    34    8996    0
272    139768    34    8992    0
308    139236    37    9800    0
301    138564    36    9540    0
286    141056    37    9792    0
301    139508    35    9272    0
322    136512    36    9528    0
307    141544    36    9544    0
292    137632    36    9532    0
286    133068    36    9540    0
301    137204    37    9796    0
358    137984    36    9572    0
288    133096    32    8484    0
290    137368    36    9532    0
317    139840    34    9024    0
308    136364    37    9804    0
288    136568    35    9276    0
244    130700    32    8476    0
302    133508    38    10060    0
363    142628    36    9552    0
280    135572    34    9012    0
313    142680    35    9288    0
288    140448    38    10068    0
389    141928    36    9532    0
301    137204    33    8748    0
284    132216    36    9524    0
249    133856    35    9268    0
334    149376    37    9812    0
332    153056    37    9808    0
291    148988    36    9532    0
317    152572    36    9560    0
323    149196    36    9528    0
290    144936    35    9280    0
374    147704    36    9560    0
302    148508    35    9288    0
321    139272    36    9548    0
341    146228    36    9532    0
278    132836    31    8216    0
323    147916    36    9556    0
310    154020    36    9532    0
330    142212    36    9532    0
345    151768    37    9788    0
294    155836    36    9544    0
365    149352    37    9800    0
345    162752    37    9780    0
339    142248    36    9524    0
345    144560    36    9572    0
318    148532    34    9008    0
337    141644    33    8756    0
384    148648    37    9788    0
307    135956    32    8484    0
329    143120    37    9788    0
304    144248    33    8728    0
391    146208    36    9536    0
435    153216    38    10092    0
350    152268    37    9788    0
306    142480    34    9024    0
