17    5008    5    1320    0
20    5992    4    1056    0
27    5832    5    1324    0
29    7880    6    1588    0
21    5688    4    1060    0
13    4944    6    1584    0
26    5780    5    1320    0
25    5464    5    1320    0
23    6352    5    1320    0
15    5556    4    1056    0
28    7596    5    1320    0
35    6300    5    1320    0
18    5968    4    1056    0
30    5888    5    1320    0
21    7708    5    1320    0
20    6276    4    1060    0
32    6540    5    1324    0
19    5048    4    1056    0
34    7688    5    1328    0
18    5340    4    1056    0
15    5264    4    1060    0
17    5012    5    1328    0
22    6340    5    1324    0
17    5920    4    1056    0
17    5932    5    1320    0
31    6512    5    1328    0
27    6144    5    1324    0
23    6032    4    1064    0
42    9084    7    1848    0
18    5652    4    1056    0
70    16144    8    2116    0
86    16424    9    2388    0
51    13576    6    1592    0
62    15940    8    2112    0
72    16456    8    2116    0
88    15256    9    2388    0
89    15840    8    2120    0
57    16144    7    1852    0
54    14240    7    1856    0
53    13056    7    1852    0
102    14928    8    2128    0
40    12496    7    1852    0
64    15080    8    2124    0
70    14556    7    1856    0
50    13884    7    1848    0
46    13808    6    1584    0
45    12260    7    1852    0
68    16336    8    2112    0
82    15088    8    2120    0
52    13300    7    1852    0
80    16244    8    2120    0
49    13560    7    1864    0
74    15864    8    2124    0
97    16960    9    2380    0
70    15516    7    1856    0
44    13196    6    1584    0
52    13340    7    1860    0
56    13384    6    1588    0
63    13548    7    1856    0
46    14072    7    1856    0
138    23996    10    2656    0
206    23800    10    2648    0
114    21692    9    2380    0
113    21936    9    2380    0
75    20544    8    2116    0
133    24772    9    2384    0
73    21756    8    2120    0
109    20660    8    2128    0
101    22860    9    2380    0
85    20800    8    2120    0
103    21812    10    2640    0
136    23928    9    2384    0
158    26772    10    2640    0
73    20232    8    2124    0
116    22616    9    2384    0
105    22412    8    2120    0
124    23960    10    2648    0
77    20664    8    2116    0
75    19968    8    2128    0
165    28152    11    2916    0
151    25952    9    2384    0
96    24936    9    2388    0
98    23120    8    2124    0
131    24440    9    2392    0
112    23368    9    2388    0
168    27556    11    2916    0
76    20336    8    2116    0
90    21168    8    2128    0
99    24944    9    2388    0
115    24728    9    2388    0
111    29076    9    2380    0
144    29072    9    2392    0
168    31664    10    2648    0
120    30392    11    2916    0
175    30612    10    2648    0
145    32784    11    2916    0
132    29456    10    2644    0
212    32832    11    2916    0
161    31864    10    2656    0
100    25156    9    2384    0
119    28920    10    2648    0
166    32772    9    2388    0
180    30644    10    2656    0
148    33936    10    2648    0
125    28964    9    2388    0
162    29356    9    2392    0
165    29852    11    2912    0
212    33440    10    2652    0
185    31428    10    2652    0
113    29020    9    2388    0
115    28168    9    2380    0
148    28552    10    2648    0
175    32708    11    2904    0
125    26608    10    2644    0
139    28944    10    2656    0
116    27588    9    2384    0
196    30984    10    2648    0
128    31252    10    2652    0
199    35228    11    2916    0
139    30428    10    2652    0
204    40384    11    2920    0
262    45424    11    2916    0
194    39020    11    2908    0
184    37864    10    2656    0
219    39420    10    2660    0
204    37612    10    2652    0
203    40060    11    2920    0
188    39440    10    2652    0
259    42980    12    3180    0
187    38760    11    2912    0
234    40704    11    2912    0
174    36456    10    2656    0
231    41204    11    2912    0
196    38592    10    2652    0
183    39048    10    2656    0
188    39784    11    2916    0
282    41904    11    2916    0
244    41800    12    3192    0
216    42080    11    2916    0
224    39948    11    2920    0
225    41736    11    2912    0
213    40896    12    3180    0
198    39024    10    2648    0
221    40940    11    2912    0
233    38576    12    3180    0
219    39368    10    2656    0
191    37340    11    2912    0
180    36324    10    2652    0
160    36784    11    2908    0
166    34576    10    2652    0
315    52024    13    3444    0
215    46180    12    3172    0
265    47756    12    3176    0
246    47088    11    2916    0
200    45820    11    2920    0
265    50176    12    3176    0
269    52596    12    3184    0
257    49128    12    3176    0
265    49604    11    2916    0
267    47540    11    2912    0
220    45380    11    2916    0
337    52844    13    3448    0
173    41760    10    2656    0
273    48216    12    3180    0
198    46144    10    2656    0
250    47124    11    2916    0
235    48024    11    2912    0
228    47044    11    2912    0
219    46808    11    2904    0
289    50060    13    3444    0
250    48720    11    2928    0
241    48984    11    2916    0
227    45024    11    2916    0
248    47444    11    2916    0
217    45964    10    2664    0
309    50152    13    3444    0
235    51064    11    2920    0
301    53840    12    3176    0
206    46288    11    2908    0
297    49272    13    3440    0
295    53956    12    3176    0
335    55040    12    3184    0
277    52128    11    2916    0
284    53472    12    3184    0
309    53400    12    3172    0
522    65392    13    3448    0
300    53448    12    3180    0
238    54556    12    3180    0
450    61320    13    3448    0
283    57632    12    3184    0
286    53488    11    2912    0
256    57076    12    3180    0
326    62800    13    3444    0
357    60016    12    3192    0
305    55392    12    3176    0
375    60400    12    3180    0
245    53544    11    2928    0
259    54128    13    3436    0
266    54576    12    3180    0
255    53488    12    3180    0
282    56996    12    3180    0
394    62464    12    3180    0
322    60752    13    3440    0
282    55216    11    2932    0
290    55992    12    3188    0
386    55776    12    3188    0
308    55432    11    2936    0
289    55620    12    3168    0
267    53692    11    2904    0
299    56140    12    3172    0
344    61156    12    3180    0
422    69016    13    3448    0
428    69104    13    3452    0
405    66868    13    3452    0
334    63616    12    3180    0
367    62184    13    3436    0
514    67788    13    3440    0
355    67628    12    3188    0
354    64048    12    3188    0
371    66168    13    3448    0
344    64944    12    3188    0
335    63036    12    3176    0
248    55296    11    2916    0
324    61956    12    3192    0
422    67464    13    3432    0
307    61504    12    3176    0
371    65816    13    3440    0
386    69732    13    3436    0
341    63352    12    3180    0
326    66168    12    3188    0
328    59912    12    3180    0
346    60772    12    3184    0
394    63972    13    3436    0
316    65984    14    3700    0
414    66748    12    3188    0
374    62676    12    3196    0
372    65888    12    3184    0
335    66852    12    3184    0
517    69896    13    3444    0
283    60488    12    3176    0
319    65568    12    3180    0
390    72344    12    3188    0
380    75244    14    3704    0
527    80496    14    3720    0
445    74052    12    3188    0
486    75228    13    3440    0
413    72548    13    3444    0
528    79048    13    3448    0
419    74816    14    3720    0
435    73880    13    3444    0
303    70068    12    3184    0
326    69952    13    3440    0
420    73948    12    3180    0
409    70976    12    3188    0
425    77008    13    3440    0
384    73256    12    3184    0
355    70732    12    3176    0
638    83344    14    3704    0
433    70832    13    3444    0
366    72864    12    3180    0
412    74640    13    3448    0
326    71160    13    3452    0
420    71280    13    3436    0
409    73680    13    3444    0
397    71988    13    3440    0
446    74392    14    3708    0
396    73416    13    3456    0
549    77788    14    3708    0
483    76724    14    3700    0
592    81240    13    3448    0
580    84420    13    3448    0
384    79072    14    3704    0
707    92192    16    4248    0
504    86024    14    3708    0
387    82680    13    3452    0
521    85760    13    3440    0
540    87824    14    3700    0
520    88676    14    3720    0
538    86936    15    3980    0
478    81476    14    3724    0
514    90144    14    3700    0
578    88656    14    3700    0
473    84688    13    3456    0
417    83928    12    3184    0
474    86312    14    3712    0
529    80196    14    3712    0
528    83740    13    3452    0
506    88048    14    3708    0
437    82844    13    3440    0
394    83200    13    3460    0
506    84528    13    3440    0
419    82108    14    3700    0
712    95252    14    3708    0
559    82616    14    3716    0
476    83284    13    3440    0
492    81800    13    3452    0
555    85764    14    3708    0
492    82704    13    3452    0
304    72704    12    3184    0
589    91792    14    3708    0
627    94532    14    3712    0
709    99344    15    3980    0
536    94856    15    3964    0
545    87264    13    3448    0
368    82824    13    3444    0
453    90392    14    3716    0
457    86624    13    3448    0
504    88528    13    3448    0
632    98852    15    3984    0
511    87808    14    3716    0
566    91980    13    3448    0
529    90192    14    3704    0
490    90312    13    3452    0
489    88200    13    3456    0
487    91476    13    3448    0
405    86516    13    3440    0
472    90296    14    3712    0
495    90424    14    3704    0
481    92020    13    3440    0
724    98968    14    3700    0
771    98736    15    3972    0
456    89120    14    3704    0
459    88256    13    3452    0
551    94264    14    3700    0
571    96528    14    3704    0
603    96452    14    3720    0
593    90408    14    3704    0
552    97496    14    3716    0
514    92384    13    3440    0
542    93456    14    3716    0
642    105560    15    3968    0
594    99480    14    3704    0
719    110096    15    3980    0
708    104876    15    3984    0
695    104592    15    3976    0
556    97952    14    3708    0
576    104432    14    3708    0
830    114024    14    3720    0
599    99016    13    3456    0
563    100748    14    3708    0
577    97156    14    3704    0
488    96792    14    3708    0
513    95792    13    3460    0
595    100464    14    3712    0
693    106064    14    3712    0
838    111516    14    3716    0
589    103612    15    3968    0
519    101324    14    3708    0
496    93936    13    3444    0
677    108088    15    3968    0
590    102484    14    3716    0
591    103632    14    3716    0
555    97184    13    3452    0
530    99652    14    3712    0
668    105480    14    3708    0
609    103720    15    3968    0
716    106464    14    3708    0
706    110636    15    3976    0
705    101412    14    3712    0
488    95572    13    3452    0
572    102184    13    3456    0
779    116468    16    4232    0
703    114376    15    3984    0
717    112560    14    3708    0
612    107860    14    3716    0
917    112596    15    3972    0
649    107648    14    3704    0
675    114072    14    3720    0
762    116992    15    3976    0
779    121616    15    3980    0
708    114752    14    3708    0
532    103248    14    3708    0
602    114396    14    3724    0
725    117464    15    3988    0
730    112256    14    3720    0
597    105140    14    3720    0
754    108844    15    3964    0
638    113952    14    3720    0
716    112116    14    3728    0
672    114904    14    3716    0
721    117024    15    3976    0
595    110416    14    3712    0
536    105748    14    3704    0
634    115380    15    3968    0
580    111928    14    3712    0
651    111808    14    3712    0
789    126488    15    3980    0
848    121496    16    4244    0
593    111908    14    3716    0
601    103044    14    3708    0
851    128520    16    4244    0
792    125440    15    3968    0
790    123544    15    3984    0
689    115692    15    3976    0
491    108324    13    3448    0
731    121032    15    3976    0
679    121240    14    3720    0
792    125920    16    4228    0
790    127044    15    3972    0
834    126340    14    3728    0
754    124748    15    3968    0
615    111640    14    3712    0
659    127108    16    4236    0
693    118492    14    3716    0
686    120816    14    3720    0
680    116184    14    3720    0
502    108516    14    3716    0
708    118600    15    3976    0
647    118808    15    3964    0
902    131616    15    3976    0
621    113684    14    3716    0
754    120328    14    3716    0
698    115176    14    3712    0
795    123344    15    3964    0
789    127668    15    3980    0
665    119744    15    3980    0
960    134648    16    4240    0
807    120328    14    3720    0
674    119096    14    3716    0
771    124176    15    3976    0
869    134344    15    3972    0
842    136332    15    3980    0
796    127660    15    3980    0
725    131324    15    3976    0
664    124132    15    3972    0
819    134432    15    3976    0
693    130072    15    3976    0
664    126432    15    3972    0
697    123848    15    3976    0
835    135560    15    3984    0
795    124960    15    3976    0
907    131684    16    4240    0
720    128280    15    3976    0
864    135024    16    4232    0
857    138060    15    3980    0
785    130456    14    3716    0
693    123116    14    3716    0
763    133796    15    3980    0
753    129744    14    3720    0
677    129580    15    3976    0
905    140312    16    4244    0
702    124920    14    3720    0
859    135700    16    4236    0
743    122472    15    3976    0
728    128852    16    4240    0
687    123556    15    3992    0
769    126276    15    3988    0
758    127672    15    3976    0
749    126996    15    3980    0
701    128352    15    3980    0
