5    2524    4.5    542    4.94066e-324
6    2438    4.5    540    6.93261e-310
14    3496    7    842    4.94066e-324
9    3582    7.5    906    0
9.5    3420    6    722    4.94066e-324
6.5    2716    4.5    546    6.93261e-310
11.5    3938    8    966    0
9    3056    5    608    6.93261e-310
7.5    3138    6    724    6.95292e-310
11.5    3860    6.5    786    0
11.5    3868    7    846    6.93261e-310
5.5    2348    4    480    6.95292e-310
9    3408    6    724    2.57437e-314
7    2364    5    604    6.95292e-310
11    3702    6    724    1.99179e-314
6.5    2356    4.5    542    2.07364e-317
8    2888    5.5    666    2.122e-314
5    2696    5    604    1.57051e-317
10.5    3754    8    968    6.93261e-310
7    3138    8    968    6.93261e-310
9    3232    6    722    6.95292e-310
6    2354    5    602    0
8    3320    6.5    784    6.95292e-310
10    3152    6    728    1.62137e-317
5    2176    3.5    422    2.96439e-323
11    3350    6    728    6.9326e-310
6.5    2532    4.5    542    6.36603e-314
9.5    2920    5.5    662    6.93261e-310
5    2524    5    602    6.93261e-310
5.5    2262    4    482    6.93261e-310
17.5    8512    9.5    1148    4.94066e-324
17    6572    9    1086    6.94546e-310
20    8554    10    1208    4.94066e-324
13    5900    8.5    1028    0
19    8424    10    1208    4.94066e-324
19.5    8266    9.5    1144    6.94546e-310
15    5830    7    844    0
15    6746    8.5    1026    6.94546e-310
17.5    7904    9.5    1150    6.9528e-310
15    5830    9    1086    0
16    8000    9.5    1154    6.94546e-310
17    7820    9    1084    6.9528e-310
15.5    6818    9    1086    3.80027e-314
22.5    8728    10.5    1266    6.9528e-310
17    7810    9    1092    1.99179e-314
24.5    9110    11    1328    2.07364e-317
15    7554    9    1090    2.122e-314
15    5830    8.5    1024    1.57051e-317
18    7102    10    1204    6.94546e-310
13    5388    8    964    6.94546e-310
14.5    5738    8.5    1024    6.9528e-310
19    8516    10    1210    0
21    9048    10.5    1274    6.9528e-310
16    5922    9    1088    1.62137e-317
19    8600    9.5    1150    2.96439e-323
18.5    7488    9.5    1148    6.94546e-310
19    8264    10    1204    6.36603e-314
24.5    9414    11    1332    6.94546e-310
12.5    5644    7.5    906    6.94546e-310
14.5    5502    8    962    6.94546e-310
33    12774    14    1682    4.94066e-324
27.5    12498    13    1572    6.95222e-310
24    11220    12    1452    6.95222e-310
29    11578    12    1452    1.58101e-322
32    13290    13.5    1632    2.122e-314
29.5    12330    14    1692    0
29    12106    12.5    1510    6.95222e-310
26.5    12332    13    1582    6.95306e-310
25.5    10184    11    1340    3.36459e-314
41.5    14182    15    1808    6.95306e-310
34    14324    14    1690    1.99179e-314
28.5    11930    12.5    1516    2.07364e-317
27.5    12060    13    1572    2.122e-314
25    11210    12    1460    6.95222e-310
32    13806    14    1684    6.95222e-310
29.5    11314    13    1574    6.95222e-310
31    13008    13    1574    6.95222e-310
20    9498    11.5    1384    1.57051e-317
21.5    10058    11    1322    6.95306e-310
19    10388    12    1454    6.95306e-310
25    10820    11.5    1392    6.95306e-310
18.5    9706    10    1206    0
32    12424    13    1566    6.95306e-310
29.5    12214    12    1450    1.62137e-317
35    14068    14    1684    2.96439e-323
32    12088    13    1560    6.95222e-310
23.5    10616    12.5    1508    6.36603e-314
27.5    11582    13    1572    3.12261e-317
20.5    9548    10.5    1270    2.07458e-317
28.5    12292    13    1572    6.95306e-310
60.5    21076    17    2064    4.94066e-324
40.5    16832    15    1810    6.93187e-310
46    16876    16.5    1998    6.93187e-310
39.5    16060    15    1814    0
44.5    16698    16    1928    6.93187e-310
36.5    15926    14    1690    6.95253e-310
33.5    14908    14    1688    2.122e-314
32    14414    13    1570    6.95253e-310
34.5    15190    14    1690    1.99179e-314
39    16760    14    1694    2.07364e-317
33    15522    14    1694    2.122e-314
34    15032    14    1692    6.95253e-310
36    15712    13    1582    6.93187e-310
29.5    12616    13.5    1628    6.93187e-310
27    12860    14    1690    6.95253e-310
33.5    15600    14    1694    6.36599e-314
31    13738    12    1454    6.93187e-310
36.5    16858    15    1818    1.57051e-317
37    15978    14    1698    6.95253e-310
30.5    13388    14    1692    6.95253e-310
32    13710    13.5    1634    6.95253e-310
37    16592    14.5    1750    0
37.5    16214    14.5    1756    6.95253e-310
30.5    14984    14    1688    1.62137e-317
34    15094    14    1692    2.96439e-323
36    15954    14    1692    3.12261e-317
40.5    17030    15.5    1874    2.07458e-317
33.5    14746    14    1690    6.95253e-310
40.5    17458    15.5    1870    0
31    14746    14    1692    0
47    19358    17    2060    4.94066e-324
51.5    21444    17    2064    0
35    16426    14    1696    4.94066e-324
49.5    20430    17    2052    6.91807e-310
38    16564    14    1696    2.122e-314
43    19244    16.5    1992    4.94066e-323
37.5    16944    14    1694    0
42    17648    14.5    1752    0
50    20312    18    2168    6.91807e-310
49.5    20322    16    1930    6.95314e-310
42.5    19078    14.5    1754    3.18299e-314
62.5    24404    19.5    2362    6.95314e-310
39.5    17132    15    1812    1.99179e-314
42    19156    15.5    1890    2.07364e-317
39    17598    15    1804    2.122e-314
44    18076    15    1822    6.36599e-314
57    23086    18    2180    6.91807e-310
43.5    19702    16.5    2006    6.91807e-310
41    19142    15    1812    6.95314e-310
54.5    21918    17    2062    6.95314e-310
57    21482    18    2180    6.95314e-310
44    18392    16    1932    0
43    18592    16    1930    6.95314e-310
49.5    20320    17    2066    1.62137e-317
58    22666    19    2294    2.96439e-323
54    21774    18    2174    6.91807e-310
55.5    22512    18    2180    6.36603e-314
53.5    22302    17.5    2118    6.91807e-310
39    18294    14    1696    6.91807e-310
40.5    18636    15.5    1872    3.12261e-317
52    21638    18    2166    4.94066e-324
61.5    23812    18    2168    6.91418e-310
56    23438    19    2298    6.91418e-310
61    25334    18    2176    0
59    25056    18.5    2240    6.91418e-310
54.5    23324    17.5    2120    6.95258e-310
62.5    26208    19.5    2364    2.122e-314
50    23222    18    2178    6.95258e-310
50.5    21844    18    2180    1.99179e-314
61.5    25258    18    2188    2.07364e-317
54    23328    19    2286    2.122e-314
60.5    23812    18.5    2238    6.95258e-310
60.5    23858    18    2180    6.91418e-310
58    24228    18    2186    6.91418e-310
54.5    23070    18    2166    6.95258e-310
46.5    20392    18    2184    6.36599e-314
59.5    24082    19    2300    6.91418e-310
63    24302    19    2292    1.57051e-317
54    22740    18    2182    6.95258e-310
54.5    23418    17.5    2116    6.95258e-310
59    23194    18    2180    6.95258e-310
57.5    24790    18    2172    0
62.5    25674    19    2290    6.95258e-310
52.5    23146    19    2306    1.62137e-317
55.5    24196    19    2302    2.96439e-323
44.5    20938    15.5    1870    3.12261e-317
52.5    22378    17    2048    2.07458e-317
67.5    27420    19    2298    6.95258e-310
54.5    22728    18    2172    0
56.5    23854    19    2290    0
65    27742    19    2296    4.94066e-324
77.5    30462    20    2426    0
58.5    26004    19    2300    4.94066e-324
56.5    25646    19    2300    6.90577e-310
59    28274    19    2304    2.122e-314
75.5    30892    20    2424    4.94066e-323
61.5    26288    19    2300    0
64.5    27832    20    2420    0
87.5    32774    21    2538    6.90577e-310
68    30842    20    2418    6.95288e-310
62.5    25424    18.5    2240    3.18299e-314
58    26172    20    2410    6.95288e-310
68    28026    19.5    2358    1.99179e-314
58    25414    19    2308    2.07364e-317
59    25418    19    2288    2.122e-314
67.5    29214    19    2296    6.36599e-314
65    27098    19    2292    6.90577e-310
81    32360    21    2534    6.90577e-310
95.5    35632    23    2770    6.95288e-310
62    27162    20    2414    6.95288e-310
62.5    27750    19.5    2354    6.95288e-310
77.5    30718    20    2412    0
60    26436    19    2292    6.95288e-310
58.5    24038    18.5    2232    1.62137e-317
59.5    24732    19    2300    2.96439e-323
71    30618    20    2426    6.90577e-310
49    22302    17.5    2118    6.36603e-314
50    24268    18    2174    6.90577e-310
74.5    30450    19.5    2360    6.90577e-310
53    22996    18    2180    3.12261e-317
76.5    33040    20    2424    4.94066e-324
79    34578    20.5    2482    6.90973e-310
74.5    31984    20    2424    6.90973e-310
90.5    35930    22    2672    1.58101e-322
85    35060    21    2538    2.122e-314
74.5    31896    20    2420    0
66.5    28958    20    2420    6.90973e-310
75    30708    20    2416    6.95253e-310
71    30520    20    2412    2.37937e-314
78    33112    21    2534    6.95253e-310
77.5    33054    21    2530    1.99179e-314
73.5    31836    20    2418    2.07364e-317
70    29340    20    2408    2.122e-314
69    29054    20    2412    6.90973e-310
74.5    32668    20    2418    6.90973e-310
72    30020    20    2420    6.90973e-310
64    29360    20    2412    6.90973e-310
89    34816    21.5    2602    1.57051e-317
83    34916    21    2526    6.95253e-310
75.5    30720    20    2420    6.95253e-310
77    33404    20    2424    6.95253e-310
76    32850    20    2424    0
68.5    31362    20    2420    6.95253e-310
74.5    31900    20    2420    1.62137e-317
67.5    29306    20    2420    2.96439e-323
63    28846    20    2414    6.90973e-310
81.5    35648    20.5    2482    6.36603e-314
80    32714    20    2424    3.12261e-317
80.5    33758    21    2536    2.07458e-317
72    31108    20    2420    6.95253e-310
71.5    32490    20    2416    4.94066e-324
86    35410    21    2540    6.93467e-310
70    32064    20    2426    4.94066e-324
92.5    39294    22.5    2712    0
95.5    38696    23    2774    4.94066e-324
75    33358    20    2426    6.93467e-310
82    34692    21.5    2598    0
73.5    33616    20    2416    6.93467e-310
77    34578    20    2420    6.95286e-310
90.5    36872    21    2546    0
78.5    34502    20.5    2480    6.93467e-310
82.5    35818    20.5    2478    6.95286e-310
79.5    36454    20    2428    4.07277e-314
98.5    38190    23    2780    6.95286e-310
76.5    35774    20    2422    1.99179e-314
86    35322    22    2660    2.07364e-317
78.5    36180    20    2418    2.122e-314
75    32682    20    2420    1.57051e-317
77.5    34584    20    2420    6.93466e-310
75    33330    20    2424    6.93467e-310
72    32590    20    2416    6.95286e-310
79    34076    20    2428    0
86    37930    21    2526    6.95286e-310
94    37092    23    2778    1.62137e-317
96.5    40016    24    2902    2.96439e-323
77.5    33886    20    2424    6.93466e-310
83.5    34572    20    2424    6.36603e-314
95.5    38892    23    2772    6.93467e-310
76.5    32944    20    2414    6.93467e-310
72.5    32858    20    2410    6.93466e-310
103    40810    23.5    2838    4.94066e-324
85.5    38310    22    2664    6.94713e-310
99    40026    22.5    2718    6.94713e-310
116    46006    24    2898    1.58101e-322
96    40754    24    2896    2.122e-314
98.5    41178    23    2784    0
84    36756    21    2544    6.94713e-310
94.5    39244    23    2776    6.95299e-310
104    43194    25    3016    2.68119e-314
91    40384    23    2786    6.95299e-310
93    39616    23    2774    1.99179e-314
101    40722    23    2788    2.07364e-317
93.5    40536    23    2784    2.122e-314
97.5    40374    23.5    2840    6.94713e-310
97.5    39564    22    2668    6.94713e-310
87    36590    22.5    2722    6.94713e-310
99    42568    25    3022    6.94713e-310
102.5    41382    24    2906    1.57051e-317
97.5    41770    23    2778    6.95299e-310
90.5    39440    23    2770    6.95299e-310
106    43286    25    3010    6.95299e-310
102.5    43598    23    2794    0
84    37588    23    2776    6.95299e-310
104    41498    24    2904    1.62137e-317
94.5    40486    22    2662    2.96439e-323
98    39052    24    2896    6.94713e-310
107.5    42382    24    2896    6.36603e-314
98.5    40862    23    2788    3.12261e-317
88    38650    22    2650    2.07458e-317
104.5    42026    24    2904    6.95299e-310
118    48794    24    2912    4.94066e-324
100.5    41876    23    2780    6.94199e-310
117.5    46938    26    3144    6.94199e-310
104.5    45594    24    2904    1.58101e-322
109    43742    25    3028    2.122e-314
107    43712    23    2788    0
109    46132    25    3020    6.94199e-310
110    45358    25    3014    6.95298e-310
92    42028    23    2778    2.6575e-314
125.5    50478    25    3030    6.95298e-310
116    48398    25.5    3090    1.99179e-314
106    43822    24.5    2958    2.07364e-317
114.5    47690    26    3134    2.122e-314
106.5    46608    24    2910    6.94199e-310
119.5    49144    25.5    3080    6.94199e-310
117.5    46684    25    3016    6.94199e-310
94.5    40652    23    2776    6.94199e-310
98.5    41114    23.5    2846    1.57051e-317
113    47852    25    3030    6.95298e-310
114.5    46610    25    3020    6.95298e-310
121.5    49530    25    3024    6.95298e-310
106.5    43900    24    2908    0
105    43630    24    2906    6.95298e-310
115.5    47378    25    3030    1.62137e-317
118    48094    25    3040    2.96439e-323
106    44142    23    2788    6.94199e-310
99.5    43242    23    2782    6.36603e-314
120    45770    25    3010    3.12261e-317
117    46620    24    2908    2.07458e-317
87    37886    22    2656    6.95298e-310
109    44170    25    3026    4.94066e-324
124    49994    25    3030    6.89985e-310
104    45430    25    3024    6.89985e-310
109    45728    25    3020    1.58101e-322
115.5    48562    26    3142    2.122e-314
104.5    46138    25    3024    0
107.5    48058    25    3018    6.89985e-310
103.5    44292    24    2906    6.9532e-310
142    55850    27    3264    2.66515e-314
120    49444    25.5    3088    6.9532e-310
109.5    46038    25    3016    1.99179e-314
109.5    47846    25    3032    2.07364e-317
112    47162    25    3024    2.122e-314
116.5    50532    26    3134    6.89985e-310
114.5    45834    25    3020    6.89985e-310
131    53102    26    3148    6.89985e-310
111    45462    25    3020    6.89985e-310
117.5    48902    25    3018    1.57051e-317
119.5    50556    25    3024    6.9532e-310
114.5    47606    25    3024    6.9532e-310
117    49164    26    3136    6.9532e-310
102.5    45072    24    2902    0
123.5    49266    25    3022    6.9532e-310
121    50898    25    3024    1.62137e-317
115.5    48504    25    3008    2.96439e-323
113    47334    24.5    2962    6.89985e-310
139    54126    27    3254    6.36603e-314
121    51256    26    3136    3.12261e-317
140.5    53152    26    3136    2.07458e-317
133    52990    25    3028    6.9532e-310
123    51780    25    3030    4.94066e-324
120    50346    26    3132    6.91013e-310
138.5    58718    27    3248    6.91013e-310
123    52946    26    3140    0
139    56126    26    3144    6.91013e-310
101    45468    23    2792    6.95296e-310
135.5    54640    26    3144    2.122e-314
129.5    55110    27    3262    6.95296e-310
108.5    46986    24    2912    1.99179e-314
108.5    50046    26    3140    2.07364e-317
143.5    57452    27    3254    2.122e-314
138    56708    27    3258    6.95296e-310
119.5    50894    26    3148    6.91013e-310
151.5    60204    27    3264    6.91013e-310
124    50984    25.5    3078    6.95296e-310
130    54702    26    3150    6.36599e-314
144.5    58244    27    3264    6.91013e-310
125.5    51714    26    3138    1.57051e-317
133    54630    26    3142    6.95296e-310
118.5    50438    25    3028    6.95296e-310
102    46684    25    3018    6.95296e-310
101    45124    24    2900    0
113.5    49636    25    3022    6.95296e-310
144    57598    27    3264    1.62137e-317
134    53690    26    3146    2.96439e-323
106.5    48298    25    3024    3.12261e-317
121.5    50732    25    3028    2.07458e-317
154.5    59940    27    3262    6.95296e-310
127    54660    25    3020    0
130    53346    26    3146    0
125    53070    26    3138    4.94066e-324
130    55026    26    3152    6.91024e-310
137.5    57494    27    3258    4.94066e-324
121.5    53218    26    3146    0
130.5    56162    26    3154    4.94066e-324
136.5    57554    27    3260    6.91024e-310
130.5    56232    26    3150    0
144.5    59306    27    3260    6.91024e-310
130.5    55142    26    3144    6.95298e-310
137.5    56464    26    3138    0
140    59168    27    3252    6.91024e-310
141    58694    27    3260    6.95298e-310
138.5    56124    27    3256    3.87846e-314
140    59552    27    3264    6.95298e-310
149.5    63902    27    3260    1.99179e-314
131.5    54954    26    3150    2.07364e-317
125.5    53134    26    3144    2.122e-314
133.5    55418    26.5    3198    1.57051e-317
141.5    58706    26.5    3204    6.91024e-310
143    59332    26    3146    6.91024e-310
121    52536    26    3138    6.95298e-310
151.5    60964    27    3264    0
128.5    54780    26    3146    6.95298e-310
117.5    50446    25.5    3076    1.62137e-317
127.5    54700    26    3148    2.96439e-323
143.5    61006    27    3264    6.91024e-310
132    58074    26    3150    6.36603e-314
119    51872    25    3030    6.91024e-310
144    57588    26.5    3204    6.91024e-310
141    60668    27    3262    6.91024e-310
125    54846    25    3030    4.94066e-324
129.5    55954    26    3144    6.91665e-310
138    59458    27    3258    4.94066e-324
137    59114    26    3136    0
150    62320    27    3262    4.94066e-324
127.5    55644    26    3150    6.91665e-310
145    59918    27    3256    0
146    62442    27    3258    6.91665e-310
128    56124    26    3142    6.95291e-310
141    62058    27    3248    0
133.5    57060    27    3256    6.91665e-310
127.5    54994    26    3152    6.95291e-310
136.5    59252    27    3260    2.16159e-314
143    59376    27    3260    6.95291e-310
151.5    63436    27    3266    1.99179e-314
150.5    64334    27    3266    2.07364e-317
149    63892    27    3268    2.122e-314
125.5    53402    25    3032    1.57051e-317
153    65192    27    3264    6.91665e-310
148    64738    27    3258    6.91665e-310
149    62860    27    3264    6.95291e-310
162    65038    27    3272    0
146.5    61768    27    3264    6.95291e-310
149.5    66084    27    3268    1.62137e-317
132.5    58822    27    3254    2.96439e-323
156    64996    27    3270    6.91665e-310
165    66596    27.5    3332    6.36603e-314
140    58720    26    3154    6.91665e-310
150.5    63870    27    3270    6.91665e-310
146.5    63002    27    3260    6.91665e-310
