14    2672    6    732    0
12    2920    8    972    0
15    2968    8    972    0
11    2908    6    728    0
15    2936    6    728    0
12    2932    6    732    0
9    2796    7    852    0
7    2040    5    612    0
15    2684    6    728    0
18    2720    6    724    0
9    2616    6    728    0
12    3048    7    848    0
16    3932    9    1088    0
15    2948    7    848    0
10    2740    6    720    0
14    2924    6    732    0
18    2972    7    848    0
29    3388    10    1208    0
17    3780    8    968    0
13    2764    6    728    0
15    2824    7    852    0
17    3116    8    964    0
14    2944    7    852    0
13    2528    6    724    0
12    3168    7    856    0
18    3104    7    848    0
15    3076    7    844    0
13    2656    6    724    0
14    3744    8    968    0
14    3640    8    976    0
31    6040    10    1216    0
58    10220    15    1824    0
31    7368    11    1332    0
20    7376    10    1212    0
29    8312    12    1440    0
35    7952    12    1456    0
33    7776    12    1456    0
38    9336    14    1692    0
30    7608    11    1332    0
36    8640    13    1572    0
37    8656    15    1816    0
34    9024    14    1712    0
30    8052    12    1460    0
33    7512    13    1564    0
33    8640    16    1948    0
39    9576    14    1704    0
29    6260    10    1216    0
29    5988    10    1220    0
32    7800    13    1568    0
40    8948    15    1812    0
25    7972    12    1452    0
29    6052    12    1460    0
41    8288    15    1824    0
30    7492    12    1440    0
35    8488    15    1812    0
23    6400    12    1456    0
32    8436    14    1700    0
34    6324    11    1332    0
33    8192    14    1684    0
28    6280    10    1220    0
46    11368    15    1824    0
52    12552    17    2060    0
66    13304    19    2296    0
64    13312    19    2304    0
61    12432    17    2056    0
57    13376    16    1944    0
54    12508    17    2056    0
49    12900    21    2548    0
53    12656    18    2184    0
37    11568    16    1928    0
63    12492    16    1936    0
62    13416    15    1828    0
40    11584    14    1696    0
46    12196    17    2056    0
63    13680    19    2316    0
63    12456    16    1948    0
39    11840    15    1808    0
69    13988    18    2196    0
53    12396    16    1948    0
59    12032    19    2292    0
54    11064    16    1936    0
44    12296    18    2172    0
41    11440    14    1692    0
59    11248    15    1824    0
57    13088    16    1932    0
53    11712    16    1936    0
62    13300    17    2076    0
60    13380    17    2052    0
47    11096    15    1812    0
64    14888    20    2428    0
79    18256    19    2296    0
66    15140    16    1952    0
90    17388    21    2552    0
74    16440    19    2292    0
69    16848    20    2404    0
66    18100    20    2428    0
101    18288    21    2544    0
69    17424    20    2416    0
61    15640    16    1944    0
67    17056    17    2064    0
73    18152    21    2548    0
73    16016    20    2424    0
73    16660    19    2284    0
67    17556    20    2424    0
68    16688    20    2420    0
59    15776    20    2408    0
73    15784    19    2288    0
69    16032    18    2168    0
73    18388    20    2424    0
70    16272    21    2532    0
71    17096    18    2180    0
60    14680    15    1832    0
72    17096    20    2424    0
59    14580    16    1940    0
61    15368    18    2176    0
108    17484    21    2524    0
63    15952    17    2056    0
73    17660    19    2300    0
67    17432    19    2312    0
72    16056    17    2068    0
135    23160    25    3028    0
73    18304    18    2184    0
94    21884    26    3164    0
138    22824    22    2660    0
94    22916    22    2672    0
76    18472    19    2312    0
107    21016    21    2544    0
111    21880    21    2548    0
75    20720    20    2416    0
72    19880    21    2544    0
110    21296    21    2548    0
99    21504    26    3136    0
74    19612    21    2528    0
117    22600    22    2676    0
110    21972    23    2784    0
78    19532    19    2304    0
78    19848    19    2312    0
112    20584    21    2536    0
113    23232    21    2548    0
77    19576    22    2672    0
93    21308    21    2548    0
133    21920    21    2560    0
119    23680    24    2904    0
112    21980    23    2776    0
95    20776    21    2572    0
110    19200    21    2552    0
123    20108    21    2540    0
118    22104    21    2560    0
107    22652    22    2672    0
116    22964    23    2784    0
150    27152    24    2916    0
126    27384    23    2784    0
125    24640    22    2656    0
120    24016    22    2664    0
135    28200    26    3136    0
111    26248    23    2780    0
133    27568    24    2892    0
141    27036    24    2900    0
127    26680    24    2892    0
134    26464    23    2780    0
125    26568    23    2772    0
143    26276    28    3392    0
116    25376    22    2668    0
130    24464    22    2664    0
89    24312    20    2428    0
123    25564    25    3020    0
124    25992    26    3160    0
130    28984    28    3392    0
121    24612    22    2648    0
161    26676    23    2792    0
134    28608    27    3264    0
98    25760    23    2780    0
109    24508    21    2560    0
123    25016    21    2548    0
111    25376    26    3156    0
141    25732    25    3036    0
143    28292    24    2900    0
115    27908    23    2776    0
134    25804    22    2660    0
117    25616    21    2552    0
148    30688    24    2924    0
138    29380    27    3260    0
127    28836    23    2780    0
150    32324    28    3404    0
161    31772    25    3008    0
151    31152    25    3024    0
169    30312    23    2792    0
141    29540    25    3012    0
135    31408    26    3132    0
133    27880    28    3388    0
147    30776    24    2912    0
136    31460    25    3032    0
126    27964    25    3032    0
161    33220    28    3376    0
134    31592    25    3024    0
143    29008    28    3388    0
139    31568    24    2896    0
118    28280    26    3148    0
173    33652    28    3396    0
140    31524    27    3272    0
135    30832    25    3040    0
144    29744    25    3024    0
147    29384    23    2788    0
134    28972    23    2792    0
139    32000    26    3144    0
121    27616    22    2668    0
136    28824    24    2916    0
120    30352    26    3140    0
141    29904    28    3384    0
118    28444    23    2784    0
153    33280    27    3288    0
157    35240    31    3760    0
153    34156    26    3136    0
171    36304    28    3396    0
212    34256    28    3388    0
136    33268    25    3024    0
207    37264    33    4000    0
136    33964    26    3140    0
190    35168    28    3404    0
146    35212    26    3136    0
153    34808    27    3264    0
140    33364    29    3500    0
140    34536    26    3148    0
152    34584    27    3280    0
220    36636    28    3400    0
230    35888    28    3396    0
139    33404    26    3136    0
169    36756    27    3280    0
154    35128    29    3520    0
144    32416    26    3152    0
188    38760    31    3748    0
170    32824    28    3392    0
176    34748    28    3404    0
170    37480    29    3500    0
200    38456    29    3536    0
151    34624    26    3132    0
230    36588    28    3404    0
141    34144    26    3148    0
188    35016    29    3504    0
214    39236    29    3508    0
151    34568    26    3136    0
217    38500    28    3392    0
236    41200    28    3408    0
259    42804    29    3532    0
227    42516    30    3640    0
228    40200    32    3880    0
227    39368    30    3628    0
150    35736    24    2916    0
224    38652    28    3412    0
157    37188    29    3520    0
216    38640    29    3500    0
184    41352    28    3388    0
228    42324    30    3640    0
217    40188    29    3512    0
155    39304    31    3756    0
163    36680    28    3400    0
157    36240    27    3256    0
211    38860    28    3380    0
153    34976    26    3144    0
159    37992    27    3272    0
209    38632    28    3384    0
232    42304    31    3764    0
144    37144    26    3136    0
157    37448    26    3148    0
216    38140    28    3380    0
202    37992    28    3388    0
149    35084    27    3256    0
177    36716    28    3392    0
173    39072    28    3388    0
225    39840    28    3416    0
253    48544    31    3756    0
251    46800    29    3520    0
158    38400    28    3384    0
231    46812    29    3528    0
258    47056    32    3868    0
288    46064    30    3640    0
239    43848    29    3504    0
200    42756    29    3520    0
293    44980    30    3628    0
240    48792    31    3748    0
242    43356    29    3508    0
199    43140    29    3488    0
251    45988    32    3864    0
242    46480    29    3508    0
232    41784    31    3748    0
231    40520    28    3396    0
230    44100    29    3500    0
260    46040    30    3620    0
248    46096    30    3636    0
238    47912    32    3868    0
247    44152    33    4020    0
250    49668    35    4248    0
170    40488    32    3876    0
244    45704    32    3872    0
224    45496    30    3624    0
264    48168    33    4004    0
252    45120    29    3500    0
216    43324    29    3508    0
241    46208    30    3644    0
248    45840    30    3628    0
258    51228    32    3856    0
241    47652    30    3632    0
294    51384    37    4480    0
252    48008    30    3644    0
259    50048    36    4344    0
268    48256    29    3508    0
211    45160    29    3520    0
247    50152    31    3756    0
253    48468    30    3620    0
273    52028    31    3760    0
270    50376    33    3988    0
273    49308    30    3640    0
248    48008    30    3628    0
205    46248    30    3632    0
235    47448    30    3616    0
269    51464    31    3756    0
252    51104    33    3980    0
324    49752    31    3756    0
359    52088    36    4348    0
183    45344    28    3400    0
240    46040    30    3640    0
273    54124    32    3888    0
265    51728    34    4108    0
298    53196    31    3748    0
246    48672    33    4000    0
249    48268    30    3628    0
291    52176    34    4124    0
241    47924    28    3392    0
225    50320    35    4228    0
269    48952    33    4012    0
292    51972    32    3876    0
258    52636    37    4476    0
324    53660    36    4372    0
262    53844    31    3760    0
263    53016    36    4360    0
250    53252    33    4012    0
272    52900    31    3760    0
301    54808    31    3732    0
253    51728    30    3616    0
381    55576    37    4480    0
251    53236    33    3980    0
276    53020    30    3668    0
275    54328    31    3748    0
250    53736    32    3868    0
301    53064    33    4004    0
301    58388    33    3988    0
280    52056    29    3520    0
272    55852    31    3760    0
274    55140    36    4360    0
224    51108    32    3872    0
298    51520    37    4464    0
268    57264    33    3992    0
254    51808    33    3988    0
259    55140    32    3884    0
263    55064    33    4012    0
242    53364    36    4348    0
213    49276    30    3644    0
267    57212    38    4592    0
264    50216    31    3748    0
270    52940    31    3744    0
257    54688    31    3744    0
287    56176    33    4008    0
265    55920    32    3864    0
269    58888    35    4236    0
275    57184    34    4096    0
268    57004    32    3868    0
253    54664    34    4120    0
287    57576    34    4104    0
285    57464    31    3748    0
272    57616    31    3744    0
270    55684    32    3872    0
268    55708    32    3892    0
299    58180    32    3888    0
348    62368    36    4372    0
273    55792    32    3872    0
263    54480    31    3752    0
277    57744    32    3876    0
288    58352    32    3872    0
276    56352    35    4232    0
454    62544    36    4360    0
272    58956    32    3852    0
341    56896    36    4372    0
279    57688    31    3756    0
232    54456    36    4356    0
299    58588    32    3872    0
279    56628    32    3868    0
282    55952    37    4480    0
304    59544    35    4240    0
245    58192    32    3864    0
297    58720    36    4348    0
277    58124    36    4348    0
319    66340    36    4356    0
278    59288    33    4004    0
289    61056    34    4124    0
272    61048    34    4104    0
239    57080    36    4368    0
245    58168    33    4004    0
274    58496    33    4016    0
313    60772    33    4000    0
368    62644    36    4344    0
377    60436    36    4368    0
291    58800    31    3732    0
299    61792    34    4116    0
270    62244    33    4004    0
319    62568    36    4384    0
287    62424    34    4120    0
403    61428    36    4352    0
316    58272    34    4112    0
316    62204    34    4144    0
283    62508    36    4348    0
326    64764    35    4240    0
258    60352    31    3760    0
310    62600    37    4480    0
274    58500    31    3752    0
285    59196    35    4228    0
269    58056    35    4244    0
346    64696    36    4360    0
295    61820    34    4108    0
322    62976    35    4248    0
308    61172    35    4244    0
334    64672    36    4360    0
289    62504    37    4484    0
294    62120    33    3984    0
292    66000    34    4112    0
367    63132    36    4368    0
283    61380    34    4112    0
411    67168    37    4492    0
302    69456    36    4348    0
383    66732    37    4488    0
284    64432    37    4452    0
285    63772    38    4608    0
365    65648    37    4480    0
420    67208    36    4356    0
397    71660    37    4472    0
337    69480    38    4596    0
329    67084    36    4352    0
348    63952    37    4484    0
339    66080    36    4356    0
301    64200    38    4600    0
317    63716    37    4484    0
277    61260    33    4016    0
377    65592    36    4352    0
297    65216    37    4496    0
292    66220    35    4232    0
288    62564    32    3884    0
381    66428    36    4360    0
387    65436    36    4360    0
313    68564    35    4240    0
280    63656    35    4244    0
297    65828    34    4128    0
