24    2360    4    484    0
41    2780    4    484    0
52    2744    4    480    0
32    2416    4    480    0
37    2336    4    484    0
51    2736    5    604    0
21    2300    4    484    0
19    2164    3    360    0
35    2584    4    492    0
61    2828    5    604    0
32    2668    4    488    0
22    2448    4    484    0
29    2512    4    484    0
48    2724    4    484    0
48    2708    5    604    0
34    2436    4    480    0
72    2932    5    604    0
21    2168    4    480    0
14    2112    3    364    0
19    2292    3    368    0
20    2304    3    368    0
24    2368    4    488    0
25    2236    4    488    0
28    2256    4    480    0
22    2056    3    364    0
37    2600    4    488    0
20    2184    3    364    0
19    2296    3    364    0
42    2252    4    480    0
39    2612    4    488    0
87    5020    5    608    0
93    5648    5    604    0
90    5748    5    608    0
141    5944    6    720    0
64    5228    5    608    0
70    4996    5    608    0
72    5432    5    608    0
62    4968    5    604    0
93    4828    5    608    0
100    5440    5    612    0
50    5120    6    728    0
156    7968    6    732    0
124    5768    6    724    0
45    4792    4    488    0
107    5496    5    604    0
85    5288    5    608    0
68    4760    5    600    0
89    5880    5    612    0
154    6208    6    724    0
110    5780    6    724    0
78    5240    5    604    0
103    5344    5    612    0
106    5900    6    724    0
51    4972    5    604    0
186    5952    6    724    0
60    4664    5    600    0
72    5336    5    604    0
78    5224    5    604    0
82    5272    5    612    0
81    5128    5    608    0
178    10276    7    856    0
272    10856    7    844    0
284    10544    7    844    0
184    10212    7    844    0
84    7948    5    608    0
86    8320    6    732    0
145    9032    6    728    0
170    9516    6    724    0
122    9212    6    728    0
78    8288    6    720    0
151    9340    6    732    0
196    9496    7    840    0
145    8784    6    724    0
94    8428    5    608    0
513    12780    8    972    0
170    9428    6    732    0
133    9192    6    732    0
167    9112    6    732    0
80    8048    5    612    0
192    9616    7    852    0
181    9780    7    852    0
150    8688    6    732    0
302    10344    7    848    0
88    7720    5    608    0
226    10204    7    844    0
145    9060    6    736    0
148    9188    6    724    0
195    9480    6    728    0
84    8752    6    724    0
174    9668    6    736    0
388    14152    7    852    0
295    13324    7    848    0
257    12960    7    844    0
136    10136    6    724    0
422    15156    7    852    0
294    13424    7    852    0
325    13736    8    968    0
191    11984    6    728    0
301    13376    7    844    0
286    13260    7    848    0
296    13448    7    844    0
419    14420    8    964    0
212    11768    7    848    0
308    13544    7    852    0
198    12024    7    848    0
283    12272    7    844    0
299    13332    7    844    0
404    14988    7    856    0
186    12852    7    852    0
256    12976    7    848    0
581    16040    8    972    0
334    13812    7    856    0
542    15408    8    968    0
301    13384    7    848    0
291    12768    7    844    0
160    11896    6    732    0
348    13268    7    852    0
166    11752    7    856    0
301    12824    7    848    0
333    13800    7    852    0
372    15748    7    848    0
550    18560    8    968    0
389    16288    8    968    0
224    14132    7    848    0
270    14664    7    844    0
400    18296    8    964    0
378    15772    8    968    0
470    17020    8    976    0
344    15904    7    852    0
344    16688    7    852    0
348    16176    7    848    0
334    16888    7    852    0
366    15548    8    964    0
312    15608    7    852    0
233    15384    7    848    0
323    15552    8    960    0
255    14528    7    852    0
313    15452    7    852    0
362    15108    7    848    0
374    16696    8    972    0
374    16568    7    848    0
246    15392    7    844    0
285    14412    7    856    0
286    14828    7    848    0
675    19416    8    964    0
365    16220    7    852    0
592    18656    8    960    0
313    15204    8    964    0
305    16072    7    852    0
588    18100    8    972    0
375    18696    8    968    0
296    16896    7    844    0
370    19328    7    852    0
305    17404    8    976    0
368    18776    7    856    0
322    18448    8    968    0
484    19156    8    968    0
371    18796    7    856    0
391    19784    8    972    0
425    19908    7    856    0
315    17708    8    964    0
316    17628    7    860    0
581    20788    8    976    0
606    22104    8    968    0
416    18380    8    972    0
360    18408    7    852    0
383    18348    7    852    0
436    19488    7    852    0
358    19088    7    852    0
272    18300    7    852    0
294    17412    8    972    0
300    17344    7    856    0
341    17312    7    848    0
351    19652    8    968    0
701    20944    8    976    0
315    17600    7    852    0
303    17744    7    856    0
374    18688    8    976    0
347    18128    7    852    0
383    19184    8    972    0
412    20736    8    980    0
750    24324    9    1088    0
332    20140    8    972    0
578    22260    8    968    0
1045    28068    9    1084    0
1078    29312    9    1092    0
507    22976    8    968    0
574    23292    8    964    0
527    22584    9    1088    0
585    23508    8    972    0
649    23832    8    972    0
316    19472    8    964    0
360    21180    7    852    0
574    22744    8    968    0
298    19952    7    848    0
602    23648    8    968    0
470    21288    8    976    0
568    22016    8    968    0
565    23088    8    972    0
657    23888    8    968    0
377    21624    8    968    0
443    21172    8    972    0
487    21008    8    960    0
543    22856    8    968    0
329    19984    7    856    0
417    22236    8    972    0
822    25248    8    976    0
738    24224    8    964    0
547    23452    8    972    0
609    23180    8    972    0
624    26784    8    976    0
656    26264    8    972    0
1068    29436    9    1088    0
395    24024    8    972    0
502    24452    8    976    0
702    26812    8    972    0
554    25580    9    1088    0
923    28676    8    972    0
605    25788    8    976    0
583    24368    8    976    0
545    24604    8    972    0
972    29648    9    1084    0
534    25712    8    968    0
455    25396    8    972    0
402    23456    8    968    0
480    23736    8    976    0
682    28396    8    976    0
565    25736    8    968    0
769    28764    8    968    0
581    26376    8    980    0
748    28320    9    1088    0
581    26540    8    976    0
520    24520    8    968    0
606    25928    8    976    0
477    24644    8    972    0
359    23168    7    856    0
404    22904    8    976    0
499    25144    8    968    0
545    24040    8    980    0
610    25204    8    968    0
688    30572    8    972    0
586    27628    9    1088    0
721    29256    8    972    0
689    28040    8    976    0
624    29280    9    1088    0
487    25936    8    972    0
805    29744    9    1084    0
693    28852    8    976    0
714    29440    8    980    0
1111    32768    9    1092    0
961    31428    10    1208    0
749    29256    8    976    0
886    30168    9    1092    0
601    27364    8    972    0
764    30328    9    1092    0
878    30408    9    1092    0
1181    33908    9    1096    0
742    29812    8    972    0
676    29764    8    980    0
652    27952    8    976    0
958    31656    9    1088    0
535    26732    8    964    0
608    28096    8    972    0
577    26888    9    1084    0
619    28972    8    980    0
829    29812    8    980    0
635    29416    9    1088    0
683    28496    8    972    0
716    31072    8    976    0
547    27276    8    972    0
522    28344    8    968    0
770    30980    9    1084    0
838    31696    8    976    0
875    33036    8    976    0
1027    34228    10    1216    0
755    32340    8    972    0
703    32112    8    976    0
1159    36684    9    1084    0
736    31536    8    976    0
488    28596    8    972    0
874    32908    9    1092    0
741    31788    8    972    0
578    29808    8    972    0
740    32868    9    1092    0
744    31724    8    972    0
1021    34440    9    1080    0
582    31144    9    1084    0
470    28852    8    976    0
869    32976    9    1080    0
753    32200    8    980    0
549    28840    8    968    0
805    32780    9    1088    0
565    29848    8    972    0
1320    36488    10    1212    0
680    30584    8    972    0
622    28864    9    1100    0
708    29648    9    1084    0
836    31732    9    1088    0
914    33396    9    1088    0
995    35244    9    1096    0
900    34556    9    1084    0
917    35648    9    1096    0
1213    37240    9    1084    0
1422    40104    9    1096    0
845    34992    9    1088    0
766    34840    9    1088    0
717    34928    8    972    0
1248    39604    9    1088    0
625    32880    8    976    0
845    35408    9    1088    0
790    34888    8    980    0
853    35616    8    976    0
1318    38192    9    1096    0
800    34696    8    972    0
904    35272    9    1080    0
747    34512    9    1092    0
1314    40840    9    1092    0
1193    39060    9    1092    0
788    35008    8    980    0
777    33588    8    972    0
1253    39080    9    1092    0
595    31412    8    976    0
1029    38372    9    1092    0
789    36112    8    980    0
599    32768    8    980    0
836    36392    9    1088    0
1072    37456    9    1096    0
804    34760    9    1092    0
1132    38660    9    1096    0
726    32584    9    1096    0
3000    57484    10    1208    0
1041    39024    9    1088    0
1142    40016    9    1092    0
886    37404    9    1092    0
782    36844    8    972    0
2478    54956    10    1212    0
1035    39484    9    1092    0
663    35480    9    1096    0
1273    41760    9    1100    0
1181    41000    9    1100    0
1163    40528    9    1088    0
2125    50544    10    1208    0
862    38876    9    1088    0
829    38872    9    1092    0
1778    46836    10    1200    0
1175    41168    9    1088    0
1231    41264    9    1096    0
1136    40456    9    1088    0
1155    41416    9    1096    0
1032    40012    9    1100    0
1201    41148    9    1080    0
1413    43156    9    1096    0
751    36932    9    1096    0
1141    40316    9    1092    0
968    39568    9    1096    0
786    37384    9    1092    0
1351    41508    9    1084    0
806    37572    9    1084    0
730    37280    9    1088    0
749    37728    10    1208    0
1177    42928    9    1092    0
1093    41500    9    1088    0
1234    45944    9    1088    0
778    40668    9    1092    0
850    39416    8    980    0
1007    41160    9    1092    0
629    37424    9    1096    0
1284    44432    9    1092    0
1064    42840    9    1100    0
754    38548    8    972    0
878    38880    9    1092    0
847    40044    9    1092    0
730    38704    9    1088    0
794    39692    9    1096    0
1243    43592    9    1096    0
1169    41604    9    1100    0
1209    44128    9    1096    0
1613    46532    9    1100    0
1128    43020    9    1092    0
1166    44552    9    1096    0
1514    46320    9    1092    0
1169    41736    9    1092    0
1082    42328    9    1096    0
1278    45408    9    1096    0
1043    41000    9    1092    0
1177    42504    9    1084    0
1141    42432    9    1088    0
1374    46008    10    1212    0
1067    43000    9    1088    0
750    37976    8    976    0
1089    44120    9    1088    0
751    40500    9    1100    0
1257    46544    9    1096    0
1842    51824    10    1212    0
1555    47224    9    1096    0
1121    45480    9    1104    0
1098    43936    9    1096    0
1698    51184    9    1104    0
1184    44696    9    1092    0
1539    48696    9    1096    0
1068    46040    9    1092    0
1648    50068    9    1092    0
1213    45660    9    1096    0
848    43644    9    1088    0
1104    44792    9    1096    0
1034    44236    9    1092    0
1488    47948    9    1092    0
1234    47004    9    1092    0
1256    47060    9    1096    0
1617    48744    10    1212    0
1224    44744    9    1092    0
1310    46200    9    1092    0
1531    48320    9    1100    0
1808    52056    10    1204    0
1498    48940    9    1100    0
1074    44224    9    1088    0
1410    47848    9    1092    0
755    41384    9    1092    0
1145    43912    9    1092    0
1198    44952    10    1224    0
826    44360    9    1100    0
931    43888    9    1080    0
1262    49256    9    1096    0
1398    50052    9    1092    0
1097    46380    9    1092    0
986    45940    9    1100    0
1297    46504    9    1088    0
991    45472    9    1088    0
2190    58392    10    1212    0
1435    52560    10    1208    0
1903    53944    10    1212    0
1485    50696    9    1096    0
1071    45792    9    1088    0
1309    51384    9    1096    0
1375    51452    9    1100    0
1406    50656    10    1220    0
1147    48336    9    1092    0
1209    46208    9    1088    0
1281    49012    9    1092    0
1371    48384    9    1092    0
1923    53292    10    1216    0
776    42732    9    1088    0
1366    50580    9    1100    0
1129    48412    9    1092    0
1528    52312    10    1204    0
1230    47628    9    1092    0
1630    52168    9    1100    0
1417    50408    10    1216    0
1255    47840    9    1092    0
1059    45248    9    1096    0
