14    2276    4    484    0
12    2096    4    484    0
16    2412    5    604    0
15    2404    5    604    0
31    2712    5    604    0
24    2496    5    608    0
13    2104    4    480    0
14    2388    5    612    0
12    1956    3    368    0
24    2500    4    488    0
19    2576    5    608    0
21    2628    5    604    0
16    2424    4    492    0
26    2656    5    604    0
12    1976    4    484    0
31    2692    5    604    0
32    2572    6    724    0
14    2112    4    484    0
16    2144    4    484    0
16    2408    4    488    0
43    3224    6    724    0
17    2540    4    492    0
15    2408    4    488    0
22    2736    5    604    0
33    3100    5    612    0
18    2440    4    484    0
19    2728    5    608    0
35    2872    5    604    0
30    2952    6    720    0
46    2852    6    724    0
41    5176    6    728    0
53    5416    7    852    0
58    5476    7    852    0
43    5040    6    732    0
34    4968    6    728    0
45    5232    7    848    0
47    5500    7    848    0
35    4948    6    720    0
60    6040    7    844    0
50    5516    7    852    0
59    6020    7    848    0
43    5616    7    848    0
53    5140    6    728    0
49    5244    7    848    0
72    5744    7    844    0
42    5416    6    728    0
57    7344    8    972    0
49    6184    7    848    0
57    6120    7    848    0
72    7616    8    972    0
52    5648    6    728    0
79    6480    8    972    0
49    5640    7    856    0
72    5888    7    848    0
45    5072    6    732    0
66    5812    7    848    0
45    5476    6    732    0
35    4968    5    608    0
62    6476    8    968    0
64    6192    7    856    0
126    10656    10    1204    0
85    9992    9    1092    0
100    9996    8    968    0
135    11636    9    1092    0
94    9936    8    968    0
114    9572    9    1092    0
105    10260    9    1092    0
65    8736    8    964    0
138    10720    9    1088    0
107    9908    9    1088    0
94    9640    9    1088    0
118    10552    9    1100    0
87    9332    8    976    0
69    8900    8    968    0
127    10232    9    1088    0
106    10320    8    976    0
122    10840    8    980    0
128    10820    9    1088    0
109    10452    8    972    0
123    10864    10    1216    0
80    9920    8    960    0
83    9004    9    1088    0
107    10704    8    968    0
106    10564    9    1092    0
92    10184    9    1088    0
67    9516    8    968    0
111    10344    8    972    0
71    8756    8    972    0
145    10808    9    1084    0
121    10680    8    972    0
165    13620    10    1212    0
143    13440    9    1088    0
170    13392    9    1088    0
155    13672    10    1208    0
161    14824    10    1212    0
122    12300    9    1088    0
165    13644    11    1328    0
100    12088    9    1092    0
122    12968    9    1104    0
113    13304    9    1096    0
128    12208    9    1088    0
124    12456    9    1096    0
102    12004    8    976    0
174    14248    10    1208    0
160    14232    10    1200    0
131    12400    9    1092    0
201    13680    10    1204    0
174    14000    10    1208    0
132    13224    10    1208    0
134    13364    10    1212    0
135    13372    9    1092    0
137    13520    10    1212    0
164    13376    9    1100    0
163    14080    10    1224    0
180    14292    10    1216    0
161    14680    11    1340    0
193    15504    10    1208    0
157    13700    9    1088    0
110    13120    10    1204    0
118    12524    9    1088    0
191    17088    10    1212    0
244    18340    11    1324    0
173    15976    10    1220    0
195    17088    10    1220    0
175    17176    10    1208    0
213    17408    11    1328    0
232    17824    11    1332    0
218    17328    10    1220    0
195    17932    10    1212    0
178    18320    11    1336    0
167    15904    11    1332    0
208    17620    11    1332    0
218    18124    11    1328    0
183    17252    11    1328    0
189    17444    11    1324    0
158    16668    10    1208    0
159    16624    10    1212    0
152    16464    10    1216    0
322    18552    13    1564    0
163    16528    10    1208    0
299    19848    12    1452    0
211    17480    11    1332    0
206    18696    11    1336    0
156    16064    10    1216    0
187    17580    11    1340    0
170    16728    10    1220    0
236    17344    11    1332    0
173    17052    10    1208    0
147    16520    10    1212    0
164    16752    12    1452    0
189    20116    11    1328    0
240    19624    11    1340    0
177    20408    11    1328    0
212    20488    10    1224    0
220    19984    11    1336    0
311    22852    12    1460    0
275    20776    11    1328    0
197    20192    11    1336    0
210    21788    12    1452    0
315    21048    11    1340    0
224    20720    12    1444    0
266    21480    11    1336    0
260    21448    11    1340    0
288    21708    11    1328    0
289    20108    11    1336    0
239    21372    11    1336    0
291    23324    11    1332    0
221    20004    11    1336    0
295    22760    11    1344    0
267    20988    14    1696    0
175    19204    10    1216    0
160    18760    10    1220    0
266    21344    11    1328    0
289    21048    12    1456    0
247    20800    11    1320    0
184    18172    10    1216    0
194    21392    11    1336    0
373    23788    12    1456    0
143    17696    10    1216    0
184    20340    11    1328    0
381    27468    13    1568    0
261    23312    12    1448    0
238    23756    11    1340    0
273    24220    11    1336    0
286    23896    11    1336    0
298    26344    12    1456    0
289    24732    12    1452    0
254    24284    12    1448    0
241    23524    11    1332    0
243    23528    11    1344    0
272    24464    11    1340    0
473    26836    13    1560    0
243    22888    11    1340    0
355    26292    13    1568    0
194    22188    11    1328    0
386    27812    14    1692    0
307    24908    12    1456    0
261    23140    12    1440    0
356    24156    12    1448    0
261    22604    11    1340    0
311    26728    12    1456    0
287    24472    13    1576    0
308    24104    11    1336    0
288    23832    12    1460    0
270    24488    12    1444    0
194    22408    11    1336    0
302    24048    11    1336    0
251    23740    11    1336    0
340    25728    12    1456    0
338    24476    11    1340    0
313    26704    13    1572    0
276    27304    11    1336    0
321    28076    12    1444    0
298    27872    11    1340    0
307    28240    13    1588    0
408    28576    12    1456    0
398    29456    13    1572    0
344    28576    12    1456    0
361    27244    13    1580    0
460    30680    12    1464    0
413    30296    13    1564    0
330    28852    12    1456    0
384    30688    12    1460    0
375    27808    12    1464    0
381    26220    12    1456    0
309    27560    12    1452    0
480    30696    13    1580    0
318    29040    12    1452    0
512    31816    13    1564    0
384    28964    13    1572    0
291    27280    12    1460    0
334    29584    13    1572    0
265    26948    11    1344    0
361    29152    13    1564    0
301    27056    11    1336    0
467    30504    13    1568    0
415    28428    12    1460    0
314    26728    12    1476    0
228    25336    12    1448    0
288    27128    13    1572    0
461    33096    13    1572    0
326    30384    13    1572    0
389    30428    13    1568    0
400    32008    12    1464    0
457    33872    13    1576    0
306    30488    12    1460    0
356    31084    13    1568    0
321    29380    12    1452    0
286    30044    13    1584    0
468    35592    13    1584    0
507    32320    14    1688    0
421    33240    13    1576    0
445    34004    13    1588    0
296    29712    12    1460    0
427    32008    13    1576    0
439    30728    12    1460    0
332    29108    12    1456    0
339    30428    12    1460    0
394    32868    13    1572    0
456    32076    13    1580    0
325    29956    12    1456    0
348    31548    13    1568    0
410    33992    13    1572    0
437    34096    14    1696    0
379    32620    13    1580    0
502    32500    13    1580    0
419    33384    13    1576    0
409    31440    13    1580    0
412    32564    13    1580    0
596    34456    14    1700    0
461    38832    14    1700    0
703    39120    14    1708    0
496    34708    13    1572    0
578    36420    13    1572    0
447    35128    12    1460    0
553    37344    13    1584    0
387    36404    12    1464    0
535    36856    14    1700    0
458    35452    13    1580    0
394    35844    13    1580    0
467    36216    14    1688    0
440    35744    14    1704    0
558    39196    14    1696    0
429    34300    13    1576    0
338    31800    12    1456    0
388    34116    13    1580    0
629    35148    14    1704    0
528    36520    13    1576    0
318    34612    13    1584    0
696    35992    14    1700    0
419    34848    13    1584    0
459    36116    13    1568    0
448    35512    13    1584    0
362    33392    12    1452    0
585    36760    14    1692    0
481    37936    13    1584    0
403    35520    13    1576    0
517    35716    13    1580    0
429    34960    13    1580    0
392    34708    13    1564    0
504    42168    14    1692    0
385    37064    12    1460    0
481    38728    13    1580    0
421    39404    14    1684    0
396    38076    13    1572    0
604    39572    14    1696    0
474    38288    13    1576    0
534    39740    13    1584    0
451    38616    13    1576    0
499    39308    14    1704    0
528    39540    13    1580    0
454    38336    13    1580    0
970    46000    16    1944    0
579    42152    15    1816    0
452    38464    13    1584    0
515    40896    14    1696    0
435    37104    13    1572    0
453    40896    13    1576    0
608    39480    14    1692    0
543    39252    13    1568    0
540    38152    13    1584    0
454    39824    13    1584    0
503    37832    13    1580    0
522    40044    13    1584    0
486    39984    13    1564    0
392    37408    14    1700    0
452    38972    14    1700    0
413    39044    14    1688    0
580    40168    14    1692    0
435    39024    13    1576    0
502    42384    13    1576    0
738    45836    15    1808    0
480    40820    13    1584    0
459    40120    13    1584    0
757    46080    15    1812    0
518    43192    14    1712    0
594    41596    14    1692    0
583    42120    13    1588    0
708    45580    14    1708    0
557    43124    14    1708    0
477    41360    13    1580    0
468    40332    14    1692    0
545    41172    14    1688    0
475    43476    14    1684    0
522    42848    13    1576    0
689    43560    15    1808    0
792    48360    15    1824    0
660    45124    15    1816    0
562    42648    14    1692    0
435    42128    14    1700    0
494    42580    13    1584    0
433    42640    14    1700    0
608    42928    14    1704    0
676    46208    14    1700    0
540    43384    14    1696    0
557    43124    13    1576    0
585    43604    14    1704    0
546    45328    14    1700    0
489    41024    13    1580    0
569    46876    14    1692    0
575    48424    14    1692    0
830    52176    14    1704    0
612    47896    14    1704    0
500    45272    14    1688    0
671    49280    14    1704    0
592    46968    14    1696    0
587    46820    15    1808    0
619    46744    14    1692    0
579    45984    14    1704    0
822    51136    15    1804    0
703    46732    15    1812    0
509    45276    14    1688    0
571    47100    14    1704    0
548    45268    13    1584    0
576    46736    14    1684    0
558    45416    14    1700    0
585    47156    15    1812    0
551    46836    14    1692    0
992    51324    16    1920    0
711    48096    16    1920    0
584    45780    14    1696    0
627    45608    15    1816    0
561    46112    14    1684    0
592    46636    14    1692    0
649    48848    14    1696    0
541    44404    13    1596    0
721    49324    15    1816    0
604    46112    14    1692    0
604    47808    14    1696    0
588    46096    14    1688    0
641    50164    14    1708    0
645    48976    15    1808    0
616    47736    14    1704    0
853    51624    16    1940    0
643    53080    16    1948    0
741    51892    14    1696    0
610    48984    15    1816    0
610    48488    14    1700    0
618    47512    15    1820    0
770    53692    14    1704    0
732    52576    15    1804    0
499    46464    14    1688    0
509    48732    14    1708    0
764    51308    15    1816    0
651    50416    14    1700    0
619    52368    15    1824    0
773    54528    15    1816    0
765    51744    15    1816    0
679    52356    14    1700    0
744    52296    14    1692    0
748    50344    15    1816    0
654    51504    14    1700    0
753    51360    15    1824    0
727    52320    14    1704    0
662    51932    15    1828    0
926    56432    15    1824    0
701    51040    15    1812    0
851    52696    14    1700    0
712    50224    14    1708    0
718    52480    15    1812    0
575    50032    14    1704    0
617    52152    14    1700    0
706    53952    15    1820    0
676    56268    16    1928    0
666    52808    15    1824    0
731    56344    15    1824    0
619    52812    14    1700    0
597    56008    15    1828    0
924    53764    15    1808    0
900    56228    15    1828    0
674    55072    15    1812    0
733    55356    15    1804    0
567    55352    15    1808    0
625    53628    14    1700    0
732    53700    14    1700    0
675    55948    14    1700    0
632    53776    15    1816    0
601    52392    14    1696    0
714    52408    14    1700    0
539    49232    13    1580    0
630    53096    14    1700    0
799    54052    15    1820    0
654    53184    14    1700    0
656    52596    15    1808    0
651    52872    14    1704    0
776    54800    15    1816    0
629    50760    14    1700    0
609    50768    15    1812    0
612    49648    14    1704    0
746    54696    15    1800    0
