22    8404    8    2116    0
17    7644    7    1848    0
16    7616    6    1584    0
22    8408    7    1856    0
14    5568    5    1320    0
19    6328    6    1588    0
13    6184    5    1320    0
19    8008    7    1856    0
15    6192    6    1584    0
19    6264    6    1584    0
18    7972    7    1852    0
27    8824    8    2116    0
19    7692    8    2124    0
20    8564    7    1848    0
33    9208    8    2112    0
27    8744    8    2120    0
30    8492    7    1852    0
22    9004    9    2376    0
19    6264    6    1584    0
14    6492    5    1324    0
15    6200    6    1588    0
15    6200    5    1324    0
17    7652    6    1584    0
16    7624    5    1320    0
27    8764    7    1848    0
20    7984    8    2112    0
27    7844    7    1848    0
17    6536    5    1320    0
18    8268    8    2112    0
23    9000    8    2116    0
42    15632    9    2388    0
40    16480    10    2648    0
53    17116    10    2648    0
38    15196    9    2380    0
41    15568    10    2648    0
60    15368    10    2648    0
75    17520    12    3192    0
30    13860    9    2380    0
53    17684    11    2908    0
34    14516    8    2124    0
34    15220    11    2920    0
72    19576    13    3444    0
32    12696    9    2384    0
45    13560    10    2648    0
64    17924    10    2648    0
44    16256    11    2908    0
39    15904    10    2644    0
47    16552    10    2644    0
41    15604    10    2648    0
41    16528    10    2648    0
42    16240    10    2652    0
56    18020    12    3184    0
38    14016    10    2648    0
47    16064    10    2648    0
54    15856    11    2916    0
50    18224    11    2916    0
51    16080    10    2648    0
48    16284    9    2384    0
46    16596    11    2920    0
43    14728    9    2376    0
75    26872    14    3712    0
75    25572    13    3432    0
59    24016    11    2912    0
97    29032    15    3980    0
81    27464    13    3444    0
54    21464    12    3168    0
93    26816    14    3704    0
77    25676    12    3188    0
100    27532    13    3444    0
82    27480    13    3460    0
77    24676    13    3452    0
81    25104    13    3440    0
128    31756    15    3980    0
77    23768    13    3444    0
58    22128    11    2912    0
85    27512    15    3980    0
69    24232    12    3184    0
86    28776    13    3448    0
66    25356    12    3184    0
64    24768    13    3452    0
81    24472    13    3440    0
69    24860    12    3176    0
70    26344    13    3456    0
71    23912    12    3180    0
68    24536    12    3188    0
88    26952    13    3440    0
61    23140    11    2920    0
84    23344    12    3176    0
73    23320    12    3180    0
121    29172    14    3716    0
127    36456    15    3988    0
107    33896    14    3716    0
102    34044    14    3720    0
91    34176    14    3716    0
120    35424    14    3708    0
124    37248    15    3980    0
124    37048    16    4228    0
112    39128    15    3976    0
123    36708    15    3980    0
149    40472    15    3984    0
82    30728    12    3180    0
101    33856    15    3964    0
120    35408    14    3712    0
127    38008    15    3980    0
109    36084    15    3968    0
113    37388    15    3980    0
101    33248    15    3980    0
132    36928    16    4228    0
139    38184    16    4240    0
128    38640    15    3980    0
116    34688    14    3708    0
136    39368    16    4244    0
132    37748    16    4232    0
123    36056    15    3976    0
93    31616    13    3444    0
118    35896    16    4248    0
114    36520    15    3972    0
140    36760    15    3968    0
126    37644    16    4244    0
129    37448    15    3972    0
180    45880    16    4244    0
156    45056    17    4504    0
161    44612    16    4232    0
157    44456    16    4232    0
148    42148    17    4500    0
157    44152    16    4244    0
147    47656    16    4232    0
158    45440    16    4244    0
144    47904    16    4256    0
187    48880    17    4508    0
140    45348    15    3976    0
150    47032    17    4504    0
152    44456    16    4252    0
153    44432    17    4500    0
190    50592    17    4516    0
180    48224    16    4236    0
153    48324    17    4500    0
144    47528    16    4240    0
125    43228    16    4240    0
168    46880    17    4500    0
148    43100    16    4232    0
129    44592    16    4240    0
176    46352    17    4504    0
163    46760    17    4504    0
132    42456    16    4240    0
174    47820    17    4516    0
213    53700    18    4780    0
156    45620    17    4500    0
129    41536    16    4240    0
140    42064    15    3984    0
212    59316    18    4768    0
158    52552    17    4508    0
185    56944    17    4504    0
198    56608    18    4776    0
206    60752    18    4760    0
168    54848    17    4504    0
168    51500    16    4248    0
215    59088    18    4776    0
221    61880    18    4784    0
166    56336    17    4512    0
162    54184    17    4508    0
205    60400    20    5308    0
212    56340    18    4772    0
202    56696    17    4500    0
242    63184    18    4780    0
229    61420    19    5024    0
222    59244    18    4768    0
193    56192    17    4512    0
242    61100    18    4764    0
208    54456    19    5024    0
176    55912    17    4504    0
194    54152    16    4244    0
195    60564    17    4508    0
174    55020    18    4764    0
179    53528    17    4508    0
173    57392    18    4776    0
194    58740    18    4784    0
216    58488    18    4780    0
199    53024    17    4512    0
224    57688    18    4784    0
277    67688    19    5032    0
236    69008    20    5300    0
231    63556    17    4512    0
278    70108    19    5032    0
225    61352    18    4764    0
238    64832    19    5036    0
242    67608    19    5040    0
236    65772    20    5296    0
321    73448    21    5556    0
289    75784    20    5300    0
208    64900    18    4764    0
204    59724    19    5028    0
211    64328    19    5048    0
326    75936    21    5560    0
207    64468    18    4764    0
278    74108    20    5292    0
272    71240    19    5032    0
206    65976    18    4760    0
241    67360    19    5036    0
320    72456    20    5300    0
235    67544    20    5292    0
229    64320    19    5032    0
207    66452    18    4772    0
297    72632    20    5308    0
250    69276    19    5032    0
270    67936    20    5296    0
223    64552    18    4760    0
219    64232    18    4772    0
240    69708    20    5300    0
236    69332    20    5304    0
237    72912    19    5032    0
293    82988    19    5040    0
285    76896    20    5308    0
278    83164    21    5556    0
328    83592    20    5308    0
358    87844    22    5816    0
241    73300    19    5036    0
241    71472    19    5036    0
283    80684    19    5044    0
384    91120    22    5828    0
314    81684    20    5296    0
300    81160    20    5320    0
327    77804    21    5560    0
287    82884    21    5560    0
298    80452    20    5292    0
258    72324    19    5036    0
344    84600    22    5828    0
233    74192    20    5292    0
292    74908    20    5304    0
251    76084    20    5296    0
353    82736    21    5564    0
258    75960    20    5296    0
295    82184    20    5288    0
310    87428    22    5824    0
306    78748    19    5044    0
252    78568    20    5292    0
336    81524    19    5032    0
304    81656    21    5552    0
386    87592    22    5824    0
278    77908    20    5304    0
252    78096    20    5300    0
304    87960    21    5572    0
360    92336    22    5816    0
346    88432    21    5568    0
319    86424    21    5560    0
334    90536    21    5572    0
349    91244    22    5824    0
280    82060    19    5024    0
357    101304    21    5572    0
401    100328    22    5832    0
367    96696    21    5564    0
341    90496    22    5816    0
354    87724    21    5556    0
288    87248    21    5572    0
297    90448    20    5320    0
291    83960    20    5304    0
311    86204    21    5576    0
382    97276    22    5828    0
336    91520    20    5308    0
426    91040    22    5840    0
304    83748    20    5296    0
372    91580    21    5568    0
376    98080    22    5844    0
291    93164    21    5552    0
307    82524    20    5292    0
285    84020    21    5548    0
358    85728    21    5564    0
340    90768    21    5552    0
365    96360    22    5832    0
316    88488    20    5312    0
411    104880    23    6084    0
380    98276    21    5556    0
308    90300    20    5316    0
377    102472    22    5832    0
403    98528    22    5832    0
443    106608    22    5832    0
411    102560    22    5836    0
418    103560    23    6108    0
403    105516    22    5836    0
479    110116    23    6096    0
397    99820    21    5564    0
393    104076    23    6096    0
285    89504    20    5308    0
440    106132    23    6080    0
326    95800    21    5552    0
343    102172    21    5564    0
380    96616    22    5824    0
339    93952    21    5556    0
388    98540    24    6364    0
389    102380    23    6096    0
383    101380    21    5568    0
377    100320    21    5560    0
329    95496    22    5828    0
397    101104    22    5816    0
379    104660    24    6348    0
385    99968    22    5840    0
343    95812    21    5560    0
385    100572    21    5560    0
462    102740    22    5832    0
284    89196    20    5308    0
456    111856    22    5820    0
442    112296    23    6100    0
377    103576    22    5820    0
396    114124    22    5832    0
470    114048    22    5836    0
431    116284    23    6096    0
387    108688    22    5844    0
447    111156    23    6100    0
414    118344    24    6344    0
399    108788    23    6096    0
365    101096    20    5296    0
389    104328    22    5820    0
402    106192    22    5832    0
460    107008    23    6100    0
430    109976    23    6088    0
447    119640    24    6360    0
443    117168    22    5852    0
393    110440    22    5820    0
462    114536    23    6092    0
422    108976    22    5832    0
467    119680    23    6096    0
484    119696    27    7160    0
408    108772    23    6104    0
425    113084    22    5828    0
420    112528    23    6088    0
404    111000    23    6096    0
449    108360    22    5836    0
465    118484    25    6632    0
408    112180    23    6088    0
459    112564    23    6092    0
455    124224    24    6364    0
467    126640    24    6376    0
500    126900    23    6104    0
568    131184    25    6632    0
499    127752    24    6356    0
557    129568    23    6112    0
389    118104    23    6100    0
496    126820    24    6348    0
432    125064    23    6088    0
586    129864    25    6620    0
399    114048    22    5836    0
485    134452    24    6356    0
482    127096    25    6608    0
437    121756    24    6356    0
486    129800    23    6108    0
522    131224    25    6624    0
470    123864    24    6352    0
528    134944    23    6092    0
451    119808    22    5828    0
505    129932    23    6108    0
419    123724    23    6100    0
544    126808    25    6620    0
590    136772    24    6368    0
465    112148    22    5832    0
469    119336    24    6348    0
463    115004    22    5840    0
522    119220    22    5828    0
471    127408    23    6100    0
547    129936    24    6364    0
476    122320    25    6632    0
539    131744    24    6360    0
559    142920    26    6892    0
508    141180    25    6628    0
553    139408    24    6356    0
586    140012    26    6872    0
494    134192    24    6360    0
546    133464    24    6348    0
513    135332    25    6628    0
468    128564    23    6104    0
514    137268    24    6344    0
582    138492    25    6628    0
477    128656    24    6372    0
484    130028    23    6096    0
621    150520    26    6904    0
562    139928    26    6884    0
491    132304    24    6364    0
503    131016    24    6360    0
475    130292    24    6360    0
511    141656    25    6636    0
576    138412    24    6364    0
509    129988    24    6360    0
602    138944    25    6612    0
621    151472    24    6372    0
553    145828    25    6636    0
504    131228    23    6092    0
430    125712    24    6360    0
477    139544    25    6612    0
461    131048    23    6096    0
513    136568    24    6360    0
519    134304    23    6100    0
524    150472    24    6360    0
600    152992    25    6616    0
529    146468    24    6360    0
644    151460    24    6360    0
570    147064    26    6880    0
583    151744    26    6880    0
584    143992    25    6632    0
481    137080    23    6120    0
521    141900    24    6360    0
511    143464    25    6628    0
558    138404    24    6368    0
514    138660    23    6104    0
567    146940    26    6904    0
658    164792    25    6648    0
633    149956    25    6620    0
683    150072    24    6372    0
502    142044    26    6900    0
508    139148    24    6356    0
597    153212    25    6636    0
613    151676    24    6364    0
526    139500    24    6364    0
559    144696    24    6360    0
547    144448    24    6360    0
594    145604    24    6368    0
495    141688    25    6624    0
693    163268    26    6880    0
549    137920    24    6356    0
691    165260    26    6892    0
559    140204    24    6352    0
640    151840    25    6620    0
667    155952    25    6604    0
672    163924    25    6628    0
620    165048    25    6616    0
654    161964    25    6632    0
584    154964    25    6628    0
601    153824    25    6612    0
659    160448    25    6636    0
562    154760    25    6612    0
538    145996    25    6636    0
774    170188    27    7152    0
629    161808    27    7140    0
612    161840    25    6628    0
619    152944    26    6896    0
616    161300    25    6640    0
574    156744    24    6376    0
640    161712    25    6632    0
655    166376    26    6888    0
606    158976    25    6628    0
683    173320    25    6624    0
561    154848    25    6644    0
611    161544    25    6624    0
595    154820    25    6620    0
550    158216    25    6620    0
634    163856    25    6636    0
752    167672    26    6896    0
580    154352    25    6632    0
668    159640    26    6892    0
615    160368    26    6904    0
572    157420    25    6624    0
568    151832    25    6632    0
