14    7628    7    1856    0
12    7588    8    2128    0
13    7568    6    1592    0
12    6476    7    1860    0
14    7928    7    1852    0
24    9988    10    2652    0
17    7948    8    2120    0
15    6516    7    1848    0
15    8244    7    1852    0
13    6196    7    1852    0
13    8524    8    2120    0
14    7908    8    2116    0
13    7920    8    2120    0
15    5584    6    1584    0
22    9648    11    2916    0
18    8296    7    1856    0
19    8948    10    2648    0
15    8252    8    2116    0
22    10548    10    2652    0
12    7880    8    2120    0
14    7904    7    1856    0
12    6480    7    1852    0
15    8568    9    2384    0
20    9280    10    2648    0
15    8228    8    2120    0
12    6496    8    2124    0
26    10312    10    2652    0
15    7616    7    1852    0
12    7896    7    1860    0
15    8888    10    2652    0
47    19540    15    3976    0
28    16680    13    3436    0
35    18032    12    3172    0
36    18064    15    3976    0
31    18236    13    3436    0
41    18760    13    3448    0
33    20120    14    3708    0
55    23436    15    3980    0
34    15896    15    3972    0
58    20344    15    3976    0
31    17328    13    3440    0
35    18944    15    3964    0
58    21796    15    3972    0
43    19124    15    3976    0
60    20960    15    3968    0
35    17728    12    3184    0
54    21504    15    3972    0
33    17016    12    3180    0
43    18784    16    4232    0
28    17616    12    3176    0
30    16388    13    3440    0
38    18444    14    3704    0
46    19504    15    3972    0
54    19912    16    4248    0
30    18248    13    3436    0
29    16064    13    3440    0
28    15720    11    2916    0
32    17020    13    3444    0
38    17116    12    3176    0
33    17328    11    2916    0
43    24824    17    4504    0
59    30400    17    4500    0
70    30128    20    5304    0
67    30832    18    4756    0
84    31552    21    5568    0
64    29236    17    4496    0
67    31040    18    4764    0
62    28300    18    4772    0
65    28584    19    5024    0
69    31500    17    4508    0
53    27756    16    4228    0
54    25968    15    3976    0
56    28060    19    5028    0
65    31372    19    5032    0
67    31156    21    5564    0
65    26776    15    3976    0
88    29808    21    5572    0
68    29288    18    4776    0
71    29008    17    4500    0
52    27456    17    4504    0
60    28848    17    4516    0
55    28756    19    5036    0
62    26052    15    3968    0
63    31352    17    4500    0
61    30700    17    4512    0
80    35056    21    5568    0
71    28784    16    4244    0
64    30144    17    4508    0
56    24448    15    3980    0
66    32720    20    5296    0
121    44548    22    5832    0
94    45568    24    6352    0
81    40156    21    5572    0
82    36536    21    5564    0
89    42408    21    5568    0
83    39608    21    5544    0
124    49872    22    5816    0
113    39812    21    5556    0
86    40828    19    5036    0
73    38128    18    4772    0
69    39680    21    5576    0
72    34452    17    4508    0
108    41272    21    5552    0
100    42692    21    5568    0
74    37868    20    5300    0
65    35272    21    5576    0
71    37536    18    4768    0
68    36476    20    5308    0
77    36968    18    4764    0
125    40764    21    5576    0
69    36228    19    5040    0
78    39128    22    5840    0
65    37760    18    4760    0
75    37480    20    5300    0
107    44016    22    5844    0
76    39116    21    5568    0
70    38960    21    5580    0
112    45120    21    5584    0
67    35520    18    4776    0
97    40472    21    5576    0
104    49136    21    5564    0
89    50948    21    5576    0
118    48804    21    5572    0
122    48848    22    5844    0
129    51432    24    6348    0
131    51456    21    5580    0
104    49044    26    6892    0
152    59936    24    6364    0
143    54100    23    6088    0
117    51808    22    5836    0
82    45576    22    5844    0
113    47200    22    5836    0
122    50960    22    5824    0
132    53656    28    7412    0
103    50868    25    6620    0
117    51136    22    5824    0
106    50696    23    6100    0
127    50440    22    5824    0
140    58068    25    6632    0
119    53616    24    6348    0
124    49736    23    6092    0
122    51644    23    6092    0
113    48908    21    5576    0
140    50948    22    5836    0
113    50412    24    6372    0
113    54480    23    6088    0
106    51532    23    6096    0
88    48176    21    5580    0
112    46496    21    5580    0
114    49348    22    5836    0
132    63288    26    6880    0
148    69008    27    7152    0
108    58920    24    6348    0
147    68604    28    7424    0
176    60864    29    7680    0
148    64424    26    6884    0
120    61592    23    6088    0
120    60324    28    7412    0
131    62312    26    6892    0
134    59912    23    6100    0
124    58936    24    6364    0
143    63196    27    7164    0
125    58544    23    6108    0
129    59520    23    6092    0
113    58888    25    6632    0
153    65168    27    7160    0
137    56908    22    5840    0
133    63840    26    6892    0
148    66380    27    7164    0
125    59868    24    6356    0
140    60640    23    6100    0
130    62664    27    7152    0
152    60624    23    6088    0
146    63968    27    7156    0
141    61844    24    6356    0
120    57632    25    6612    0
154    63168    23    6104    0
133    61152    24    6360    0
136    59344    24    6368    0
141    61360    26    6896    0
236    73600    28    7436    0
133    68072    27    7144    0
126    66232    24    6372    0
141    71652    25    6628    0
141    67600    25    6620    0
228    77928    28    7432    0
153    75312    29    7688    0
150    72740    27    7152    0
150    76632    27    7180    0
192    73276    28    7436    0
147    77940    27    7152    0
154    69820    28    7424    0
148    69620    26    6904    0
192    76436    28    7428    0
126    71280    27    7152    0
150    74288    27    7160    0
137    70060    27    7164    0
160    73208    28    7436    0
148    74536    28    7420    0
210    79192    28    7412    0
236    80072    28    7424    0
144    71056    27    7152    0
141    69104    25    6620    0
148    72996    28    7408    0
154    75192    27    7148    0
152    73660    24    6372    0
231    82940    28    7420    0
135    67288    24    6360    0
152    72320    26    6896    0
170    74304    28    7420    0
186    80280    29    7688    0
211    87600    28    7428    0
162    81116    27    7140    0
145    75132    26    6904    0
135    75980    27    7152    0
247    90812    30    7952    0
239    85756    29    7676    0
191    82896    28    7428    0
236    91728    30    7948    0
233    88384    30    7952    0
198    87208    28    7440    0
238    93240    29    7692    0
173    79976    29    7684    0
251    85828    29    7696    0
262    85200    28    7424    0
198    84880    29    7676    0
192    79356    28    7412    0
225    92808    32    8464    0
152    74740    27    7160    0
262    83676    28    7428    0
191    83212    28    7412    0
236    95292    36    9548    0
225    88228    29    7692    0
160    83796    28    7432    0
258    90616    33    8740    0
194    87552    28    7428    0
154    79088    27    7160    0
165    76452    28    7412    0
247    88304    31    8208    0
176    81428    28    7412    0
237    94168    30    7940    0
284    101800    36    9536    0
199    94384    30    7948    0
243    97744    29    7704    0
232    94512    29    7688    0
238    98192    29    7704    0
161    84576    28    7416    0
273    104564    32    8472    0
141    81796    27    7148    0
261    95336    29    7676    0
220    99748    35    9280    0
238    92256    30    7952    0
282    105108    35    9288    0
205    95644    30    7940    0
231    102052    30    7948    0
241    98504    29    7704    0
188    94092    30    7944    0
269    102684    31    8224    0
219    93840    36    9540    0
255    100008    29    7692    0
166    87112    30    7948    0
239    91408    28    7424    0
277    98552    30    7948    0
246    95816    29    7680    0
297    99652    30    7944    0
227    96688    31    8212    0
231    92832    32    8468    0
245    94368    29    7696    0
308    105068    36    9540    0
249    97472    31    8196    0
247    108216    30    7956    0
268    113528    35    9272    0
249    110624    31    8216    0
262    115532    30    7948    0
244    110664    34    9016    0
263    116628    32    8484    0
260    107360    31    8208    0
283    111448    31    8204    0
278    112296    30    7940    0
264    111892    30    7948    0
246    104960    32    8484    0
260    111096    31    8224    0
264    107988    34    9004    0
257    108508    30    7948    0
290    112448    30    7952    0
252    103472    31    8204    0
327    115424    36    9520    0
281    114336    31    8216    0
220    106948    31    8216    0
266    119032    33    8764    0
247    106680    34    9012    0
363    115936    36    9532    0
266    113296    31    8212    0
268    107696    31    8232    0
275    112980    33    8748    0
279    114996    36    9524    0
257    105188    29    7692    0
252    105088    30    7940    0
254    104988    32    8464    0
264    111024    32    8476    0
264    123128    32    8488    0
310    121268    36    9532    0
362    126252    36    9532    0
406    126256    36    9552    0
321    122464    37    9800    0
384    127352    36    9544    0
307    123064    33    8744    0
280    128204    36    9536    0
264    118376    34    9004    0
268    117568    32    8472    0
247    117020    31    8216    0
273    115824    33    8744    0
257    115920    29    7700    0
276    118368    34    9000    0
329    129576    36    9544    0
340    120416    36    9540    0
246    112648    35    9260    0
274    112264    34    9000    0
233    116060    30    7960    0
277    118396    33    8744    0
288    124108    35    9272    0
373    123352    36    9548    0
265    119340    34    9016    0
252    112704    36    9540    0
294    120732    31    8204    0
320    124448    32    8472    0
381    120456    36    9536    0
260    115104    31    8208    0
294    126320    36    9544    0
334    122616    33    8756    0
276    128292    33    8740    0
268    123188    36    9540    0
277    127808    34    9000    0
284    120964    36    9544    0
300    127312    34    9004    0
274    121016    36    9548    0
318    139496    36    9520    0
310    129276    34    9012    0
320    126104    38    10084    0
271    132564    37    9804    0
328    130612    35    9276    0
263    124248    34    9012    0
353    133404    37    9812    0
299    125388    36    9528    0
317    132784    36    9540    0
287    125552    36    9540    0
386    136700    36    9528    0
275    122164    33    8728    0
298    138048    34    9020    0
288    138056    34    9016    0
291    132640    36    9536    0
257    123464    33    8748    0
307    138376    36    9532    0
321    132664    36    9548    0
294    138440    35    9284    0
334    136356    37    9792    0
267    128768    35    9284    0
287    131664    35    9280    0
365    126588    37    9784    0
276    127264    34    9020    0
306    139676    36    9524    0
337    143160    36    9544    0
351    145044    36    9536    0
304    134028    36    9548    0
312    149536    34    9016    0
324    141728    33    8748    0
276    138448    34    9020    0
307    139596    34    9008    0
321    145232    36    9552    0
443    144652    36    9532    0
303    136860    37    9816    0
290    145280    35    9288    0
296    138680    37    9788    0
292    143116    34    9004    0
282    133952    34    9032    0
283    130888    34    9008    0
309    139464    36    9528    0
301    143176    36    9544    0
299    135756    36    9544    0
351    140692    36    9564    0
299    143928    35    9280    0
415    138796    36    9536    0
362    148264    37    9800    0
313    137312    36    9528    0
337    137564    37    9808    0
312    147360    35    9260    0
358    147308    36    9552    0
291    143540    34    9020    0
294    137872    32    8492    0
317    131468    35    9284    0
313    149356    35    9292    0
503    155276    36    9544    0
464    172852    37    9812    0
282    146968    35    9280    0
413    151072    37    9808    0
390    161292    37    9800    0
331    146408    36    9548    0
353    141072    37    9812    0
364    148056    36    9536    0
472    164292    36    9548    0
335    151608    37    9780    0
279    142520    35    9280    0
325    151104    36    9536    0
315    148744    36    9544    0
382    159216    37    9804    0
481    157648    37    9800    0
349    144588    36    9544    0
301    147344    37    9796    0
325    149796    34    9020    0
403    165548    37    9804    0
327    161108    35    9280    0
316    149340    35    9284    0
317    145152    36    9540    0
355    149080    36    9548    0
336    144804    36    9536    0
301    152572    36    9544    0
322    151304    36    9536    0
331    147024    34    9004    0
349    150560    36    9544    0
390    160732    36    9576    0
461    172532    38    10084    0
372    158376    37    9812    0
481    165964    37    9820    0
458    165440    36    9536    0
375    159036    40    10596    0
417    168528    37    9804    0
515    184156    39    10332    0
329    157520    40    10612    0
397    162192    36    9548    0
360    163416    36    9544    0
348    161936    37    9808    0
463    174000    38    10048    0
319    153968    37    9800    0
309    156644    37    9800    0
498    176464    37    9808    0
482    174200    37    9808    0
333    163072    37    9796    0
456    175600    37    9804    0
432    165608    37    9792    0
404    158228    38    10060    0
471    161828    39    10332    0
489    174068    38    10072    0
397    160688    37    9808    0
472    171476    38    10052    0
311    151920    35    9260    0
311    152664    36    9528    0
510    177252    37    9816    0
323    148480    36    9536    0
485    178336    39    10332    0
335    157300    36    9528    0
