29    3332    7    848    0
23    2712    6    728    0
24    3316    7    840    0
28    2768    6    724    0
18    2696    6    724    0
27    3448    7    856    0
30    3776    7    856    0
24    2736    6    724    0
20    2712    5    600    0
21    2704    5    604    0
25    3200    7    848    0
16    2380    4    480    0
20    3136    6    720    0
17    2544    4    484    0
28    3352    7    848    0
31    3520    7    844    0
30    3632    7    848    0
14    2500    5    604    0
19    2852    5    600    0
25    2760    7    848    0
18    2824    5    604    0
25    3188    7    844    0
25    3148    7    844    0
19    2696    6    720    0
21    2980    5    604    0
26    3300    6    728    0
17    2672    5    604    0
23    2864    6    724    0
15    2640    5    600    0
20    2824    6    724    0
31    5768    7    852    0
60    9276    11    1332    0
53    7640    9    1096    0
46    7440    10    1204    0
61    8664    12    1444    0
36    6100    8    964    0
53    8104    9    1092    0
55    8680    10    1208    0
44    6320    9    1088    0
51    8064    10    1212    0
48    8152    9    1092    0
44    7416    8    964    0
48    8340    9    1080    0
42    6440    8    968    0
41    7792    9    1088    0
44    7392    9    1088    0
43    7952    9    1084    0
53    8204    9    1088    0
50    7596    9    1092    0
41    7400    9    1084    0
71    8772    11    1332    0
48    7616    9    1088    0
59    8524    11    1336    0
48    7868    11    1336    0
49    8008    10    1204    0
55    7536    10    1200    0
48    6360    8    972    0
42    6028    8    972    0
41    6424    9    1088    0
53    8068    9    1084    0
126    14320    14    1688    0
58    10072    10    1212    0
69    11732    11    1332    0
81    12544    12    1452    0
97    14360    14    1696    0
94    12816    13    1568    0
73    11488    11    1332    0
90    13460    13    1580    0
79    10800    11    1328    0
64    11100    11    1336    0
86    12892    12    1452    0
98    13560    13    1576    0
85    12124    14    1692    0
80    12524    12    1460    0
74    12608    13    1572    0
70    11444    12    1444    0
50    10164    11    1328    0
78    12912    12    1452    0
118    14428    13    1592    0
73    11636    12    1448    0
74    11352    11    1336    0
64    11288    11    1328    0
71    11556    12    1456    0
76    11620    12    1448    0
76    11784    12    1460    0
84    13264    12    1456    0
89    11336    12    1448    0
104    12176    13    1564    0
75    12060    12    1456    0
71    12008    11    1328    0
124    17064    16    1932    0
95    15080    12    1464    0
145    19012    15    1812    0
111    15216    13    1580    0
125    17328    15    1816    0
117    16252    14    1692    0
104    16160    15    1808    0
116    15692    14    1696    0
125    16896    14    1696    0
78    13788    12    1456    0
94    16196    13    1564    0
114    16228    14    1692    0
141    18016    15    1808    0
113    16508    13    1564    0
117    17076    14    1700    0
111    16628    15    1816    0
118    17976    15    1812    0
169    19696    17    2048    0
105    16568    15    1812    0
117    17840    15    1828    0
113    17520    15    1812    0
145    19048    15    1824    0
112    16784    14    1704    0
137    16888    16    1932    0
107    16880    14    1692    0
119    16480    13    1576    0
96    16264    14    1692    0
122    17856    16    1940    0
120    16524    13    1588    0
116    16848    14    1692    0
114    18560    14    1688    0
176    22424    16    1944    0
159    20500    16    1924    0
156    22864    17    2056    0
177    22320    17    2060    0
161    22516    16    1928    0
137    19812    15    1816    0
210    25288    17    2060    0
156    20440    16    1936    0
164    22464    15    1824    0
175    22152    17    2056    0
168    22208    16    1936    0
169    21304    16    1928    0
177    22040    17    2060    0
139    19140    14    1696    0
182    22952    18    2180    0
129    20596    15    1820    0
168    22792    16    1940    0
155    21244    15    1812    0
149    22336    17    2056    0
158    21576    16    1936    0
162    22328    16    1940    0
179    23032    16    1944    0
151    21632    17    2056    0
154    21668    16    1940    0
161    22284    17    2052    0
181    23620    16    1948    0
111    18776    14    1704    0
182    23168    16    1952    0
153    20844    17    2048    0
218    25636    17    2064    0
182    25064    16    1948    0
228    26456    17    2064    0
190    26572    17    2048    0
192    27168    18    2168    0
181    25904    16    1936    0
175    23724    17    2068    0
218    29792    19    2308    0
203    26384    17    2064    0
263    28448    20    2416    0
176    24480    18    2172    0
189    26404    19    2296    0
206    27464    18    2180    0
193    24460    16    1936    0
147    25444    16    1940    0
207    24816    17    2064    0
193    24724    17    2044    0
181    25612    17    2060    0
201    26560    17    2076    0
182    26456    18    2184    0
222    28072    17    2052    0
210    27556    17    2052    0
190    25692    16    1944    0
252    26416    19    2284    0
192    26876    17    2060    0
211    28560    20    2412    0
182    24548    18    2172    0
176    26728    18    2180    0
249    28192    19    2300    0
206    27856    18    2176    0
216    28896    19    2296    0
314    33568    21    2548    0
180    27056    16    1944    0
285    33068    20    2416    0
210    28392    19    2296    0
239    30644    19    2296    0
221    31888    18    2188    0
181    28864    17    2072    0
290    32788    19    2300    0
229    29572    18    2184    0
240    30272    18    2180    0
280    31868    19    2312    0
186    29888    19    2308    0
276    34380    19    2324    0
233    31880    18    2188    0
277    32744    19    2304    0
200    27792    18    2188    0
261    30876    18    2184    0
255    32888    20    2416    0
227    30400    20    2416    0
228    32368    19    2296    0
276    32452    19    2296    0
223    30624    18    2180    0
274    31008    19    2284    0
250    31872    19    2304    0
220    30076    19    2292    0
219    30084    18    2172    0
234    28944    17    2068    0
248    31020    20    2436    0
227    31104    18    2180    0
289    38144    20    2412    0
323    38640    20    2420    0
227    32964    17    2068    0
278    37516    19    2300    0
289    37572    20    2412    0
257    33288    20    2424    0
204    30776    18    2176    0
323    37308    20    2424    0
256    35492    20    2412    0
271    35628    19    2284    0
294    35812    19    2304    0
321    40160    20    2428    0
263    33048    19    2292    0
296    34860    20    2412    0
265    35836    19    2304    0
282    37128    19    2304    0
253    33208    18    2180    0
286    37600    20    2420    0
281    36832    20    2416    0
282    36292    19    2312    0
300    39744    19    2308    0
283    39376    20    2408    0
254    37020    19    2300    0
250    33128    18    2164    0
255    33120    19    2296    0
318    35744    22    2664    0
371    38872    21    2536    0
253    36324    19    2308    0
312    36124    21    2532    0
282    36440    19    2304    0
339    43856    20    2428    0
366    41008    22    2660    0
329    40116    20    2416    0
285    40008    20    2424    0
247    37788    19    2296    0
376    44448    23    2776    0
351    42704    21    2528    0
301    40428    21    2540    0
403    42848    22    2672    0
333    42992    20    2424    0
289    37372    19    2304    0
263    39936    20    2412    0
270    38440    20    2420    0
368    43700    20    2424    0
378    43784    22    2652    0
342    41852    21    2544    0
280    38964    20    2416    0
363    45464    21    2536    0
326    41336    20    2416    0
348    40848    21    2524    0
413    40860    21    2544    0
389    44432    22    2660    0
290    40496    20    2420    0
293    39384    21    2548    0
332    40008    21    2540    0
322    41592    20    2420    0
356    43304    20    2436    0
398    43596    21    2548    0
400    44556    22    2652    0
337    43440    21    2540    0
298    42800    21    2544    0
327    46436    20    2428    0
324    45000    20    2424    0
382    47224    21    2552    0
366    43992    21    2544    0
347    44536    20    2432    0
364    49116    21    2548    0
381    48856    22    2652    0
403    48956    23    2780    0
391    47316    22    2660    0
393    48820    21    2528    0
349    46220    21    2548    0
320    42736    20    2420    0
388    46384    21    2548    0
328    44468    21    2532    0
381    46588    22    2660    0
338    44412    21    2548    0
354    46976    21    2548    0
478    50560    23    2776    0
373    47740    21    2556    0
375    46136    21    2548    0
376    46760    22    2672    0
304    42216    20    2420    0
376    47728    21    2548    0
422    49544    22    2664    0
346    44512    21    2540    0
371    46112    22    2660    0
417    48620    22    2660    0
400    50072    23    2780    0
332    46604    20    2432    0
419    50760    22    2656    0
433    52368    22    2648    0
373    48720    22    2648    0
456    52544    22    2668    0
380    49072    22    2660    0
419    50200    22    2660    0
434    51852    23    2776    0
435    48832    23    2780    0
435    52916    22    2652    0
437    53952    22    2664    0
348    49328    23    2788    0
427    52740    22    2664    0
388    50400    22    2668    0
418    50924    23    2784    0
482    54480    23    2780    0
423    50400    22    2668    0
401    50716    23    2768    0
442    49720    23    2780    0
421    52216    23    2788    0
395    49456    22    2652    0
471    52964    22    2668    0
398    50720    21    2540    0
508    52824    23    2784    0
436    52384    22    2668    0
509    54544    22    2668    0
437    53108    23    2788    0
465    51936    23    2788    0
486    52480    22    2664    0
409    49048    22    2652    0
384    49520    21    2544    0
468    56752    24    2896    0
513    64028    25    3012    0
435    57712    23    2776    0
431    55480    22    2656    0
539    60748    23    2784    0
509    61500    24    2896    0
472    58176    23    2788    0
446    55704    23    2784    0
570    60672    23    2796    0
465    59704    24    2896    0
474    58616    23    2776    0
406    52952    21    2548    0
479    57176    23    2772    0
444    58140    23    2776    0
411    51296    21    2556    0
464    55816    23    2792    0
495    55068    22    2668    0
448    55744    22    2664    0
488    56704    23    2796    0
475    54824    23    2780    0
466    58464    22    2660    0
430    52200    22    2660    0
481    55392    23    2780    0
467    59092    23    2772    0
532    60992    24    2928    0
451    57828    23    2768    0
467    58240    24    2908    0
489    58028    24    2920    0
529    59408    24    2896    0
493    60768    23    2784    0
565    64544    25    3020    0
630    65840    26    3136    0
506    61516    23    2776    0
447    60520    22    2660    0
610    68296    24    2896    0
464    61124    23    2780    0
488    61768    24    2912    0
518    64244    25    3032    0
436    58196    23    2784    0
570    67160    26    3140    0
552    66504    24    2908    0
507    61384    23    2788    0
502    62020    23    2788    0
519    61608    23    2792    0
614    68540    24    2912    0
594    65280    24    2904    0
490    64064    24    2908    0
501    62684    24    2912    0
492    60276    24    2896    0
528    62064    24    2904    0
522    62904    23    2788    0
538    64436    24    2900    0
484    61848    24    2912    0
533    64936    23    2776    0
569    63360    23    2792    0
594    64808    23    2784    0
479    60932    23    2780    0
518    60936    23    2784    0
479    59756    23    2772    0
526    63896    24    2908    0
483    64960    24    2892    0
649    70824    25    3032    0
605    66204    25    3024    0
666    70004    24    2916    0
566    67940    24    2916    0
531    66984    24    2900    0
494    62812    23    2792    0
593    66736    23    2780    0
590    68240    25    3040    0
561    65460    24    2900    0
524    67392    23    2788    0
543    66480    24    2904    0
616    71788    25    3024    0
567    68856    24    2920    0
597    71468    26    3136    0
592    71016    25    3028    0
545    68440    25    3024    0
651    71380    25    3020    0
550    67792    24    2904    0
600    69096    24    2908    0
540    66848    24    2924    0
549    67140    25    3036    0
633    67848    25    3012    0
707    70108    24    2920    0
526    64328    24    2904    0
606    68000    26    3144    0
552    69640    24    2900    0
589    66484    23    2788    0
594    68660    25    3024    0
478    62992    23    2788    0
663    74548    25    3024    0
623    74168    25    3028    0
654    76188    25    3028    0
517    70256    25    3032    0
636    75648    24    2924    0
694    77240    25    3020    0
620    76392    25    3044    0
595    66168    24    2912    0
639    73068    24    2920    0
590    72836    25    3016    0
480    65828    24    2896    0
630    73244    24    2912    0
586    72672    27    3268    0
567    70564    24    2904    0
678    74476    25    3044    0
648    69116    26    3136    0
670    73704    24    2904    0
613    71944    25    3032    0
680    74820    25    3024    0
562    70368    24    2912    0
602    71524    25    3028    0
575    73680    26    3144    0
624    72796    25    3032    0
617    69008    24    2904    0
580    70092    25    3020    0
663    72320    25    3008    0
569    72192    24    2900    0
534    67488    25    3016    0
773    80220    27    3268    0
598    74884    24    2912    0
