14    4560    3    796    0
12    3976    3    792    0
16    4312    3    800    0
34    5060    4    1056    0
22    4360    3    792    0
95    6176    6    1592    0
30    5584    4    1060    0
39    5672    4    1064    0
22    4928    3    800    0
27    5284    4    1064    0
29    5304    4    1064    0
44    6280    4    1064    0
33    5896    4    1060    0
34    5328    4    1060    0
62    5320    5    1324    0
23    4952    4    1064    0
30    4736    4    1056    0
62    6448    6    1588    0
53    5792    5    1324    0
43    5716    4    1060    0
46    5144    4    1056    0
26    4988    4    1056    0
19    4900    3    792    0
27    5556    4    1060    0
18    4312    3    792    0
34    5024    4    1056    0
26    4968    4    1064    0
48    6032    4    1060    0
22    4644    3    796    0
13    4552    3    796    0
91    12552    5    1328    0
73    12380    5    1328    0
136    13248    6    1584    0
86    12216    6    1584    0
48    10416    5    1324    0
85    12488    5    1324    0
72    11804    5    1328    0
76    10656    5    1324    0
172    13556    6    1588    0
133    13216    6    1588    0
114    12512    6    1584    0
117    13632    6    1588    0
75    12940    5    1324    0
46    10416    6    1588    0
81    12704    5    1328    0
81    11260    5    1332    0
68    11180    5    1324    0
105    12404    6    1584    0
49    11612    5    1332    0
99    12056    5    1328    0
71    10924    5    1328    0
65    11728    5    1324    0
168    13560    6    1592    0
84    11608    5    1328    0
68    11188    5    1324    0
85    12200    5    1328    0
85    12452    5    1324    0
84    11912    5    1324    0
72    11784    5    1328    0
85    12496    5    1328    0
90    16412    6    1588    0
218    19840    7    1852    0
147    16912    6    1592    0
279    19528    7    1856    0
195    18788    6    1592    0
164    17020    6    1588    0
112    16600    7    1852    0
130    17328    6    1588    0
182    19508    7    1856    0
152    18972    6    1592    0
148    18060    6    1592    0
149    18352    6    1596    0
126    17876    6    1592    0
172    20296    6    1588    0
139    17428    6    1596    0
138    18272    6    1592    0
151    16400    6    1592    0
150    17792    6    1592    0
94    16416    5    1332    0
169    19668    6    1592    0
159    18724    6    1592    0
143    18848    6    1596    0
194    19616    6    1592    0
187    20448    7    1852    0
109    17720    5    1328    0
128    18464    6    1592    0
216    18700    7    1848    0
86    16060    6    1588    0
133    18800    7    1860    0
163    17360    6    1592    0
278    27388    7    1856    0
177    22472    7    1856    0
228    24672    7    1848    0
188    22576    6    1596    0
293    24132    7    1852    0
499    27952    8    2124    0
275    27336    8    2120    0
263    25264    7    1852    0
195    23492    6    1596    0
292    24664    7    1852    0
216    24016    7    1856    0
284    24324    7    1848    0
180    24240    7    1848    0
178    22524    7    1848    0
195    25196    7    1852    0
113    22448    6    1596    0
169    23244    7    1856    0
246    23956    7    1856    0
340    25960    7    1856    0
247    22820    7    1848    0
254    25164    7    1856    0
334    25864    7    1860    0
351    23488    7    1860    0
220    24572    7    1860    0
225    25460    7    1856    0
367    25928    8    2124    0
273    25936    7    1852    0
166    22956    6    1596    0
384    24648    7    1852    0
360    25284    7    1856    0
193    27668    7    1848    0
293    31112    7    1860    0
360    31444    8    2116    0
533    33272    8    2116    0
344    33016    7    1856    0
547    34820    8    2120    0
210    28368    7    1852    0
792    37060    8    2124    0
278    29272    7    1856    0
312    30992    7    1860    0
293    30260    7    1860    0
343    31272    7    1860    0
588    35184    8    2120    0
206    28624    7    1860    0
363    31184    8    2116    0
289    32512    7    1860    0
396    31456    7    1860    0
491    32336    8    2120    0
181    27816    6    1588    0
248    30132    7    1852    0
369    32920    7    1860    0
371    30680    7    1856    0
268    30056    7    1852    0
277    30656    7    1860    0
441    31568    8    2120    0
355    33096    7    1856    0
318    30752    8    2120    0
339    30692    7    1860    0
381    31920    7    1856    0
251    29884    7    1856    0
425    37040    8    2120    0
320    35524    8    2124    0
807    40232    9    2380    0
639    38972    8    2116    0
342    35160    7    1856    0
385    37788    8    2116    0
445    37496    8    2120    0
387    36148    9    2388    0
513    40384    8    2124    0
558    37376    8    2124    0
475    38048    8    2112    0
385    38116    8    2120    0
484    37848    8    2112    0
332    35656    7    1856    0
309    36816    7    1856    0
409    36312    7    1856    0
283    34040    7    1860    0
644    40704    8    2116    0
600    39736    8    2120    0
328    36136    7    1860    0
630    41456    8    2120    0
450    39252    8    2112    0
438    39416    8    2116    0
371    37108    7    1856    0
587    41048    8    2128    0
554    42460    8    2112    0
302    36528    7    1852    0
293    35256    7    1864    0
392    35620    7    1860    0
570    42880    9    2388    0
1125    51488    9    2380    0
733    47672    8    2116    0
593    43556    8    2124    0
319    41964    9    2384    0
646    44608    8    2120    0
664    47036    8    2112    0
905    51512    9    2384    0
650    44656    8    2112    0
975    49024    9    2384    0
522    44344    9    2392    0
655    45836    8    2124    0
377    43628    8    2120    0
458    42924    8    2120    0
1080    50488    9    2384    0
548    45156    8    2120    0
467    43840    8    2128    0
622    46676    8    2124    0
423    44884    8    2120    0
646    45760    8    2124    0
699    42528    8    2120    0
612    46316    8    2120    0
437    41856    8    2116    0
305    42108    8    2116    0
603    45064    8    2124    0
492    42940    8    2120    0
723    48168    8    2124    0
483    45472    9    2384    0
652    45828    9    2388    0
378    41872    8    2120    0
637    42256    9    2380    0
547    48184    8    2120    0
756    50600    8    2124    0
392    45908    7    1864    0
581    51048    8    2124    0
440    48052    8    2112    0
667    49800    8    2124    0
410    46644    8    2116    0
567    48920    8    2124    0
624    48332    8    2116    0
478    49536    8    2124    0
395    48472    8    2120    0
428    47680    8    2120    0
1376    56496    9    2384    0
512    50144    8    2120    0
882    52644    9    2380    0
635    47544    8    2120    0
415    47820    8    2120    0
596    50920    8    2120    0
678    49884    8    2128    0
733    49856    9    2384    0
648    48496    8    2120    0
619    51076    8    2124    0
1095    55392    9    2380    0
501    49160    8    2124    0
746    53680    8    2128    0
1925    62308    10    2644    0
446    46676    8    2120    0
533    50572    8    2128    0
938    52232    9    2380    0
669    52116    8    2128    0
793    57948    8    2124    0
807    59220    9    2384    0
585    54920    8    2120    0
588    55232    8    2120    0
1635    64992    10    2652    0
1585    65912    9    2388    0
1141    62748    9    2384    0
504    55664    8    2120    0
1049    60832    9    2392    0
799    59172    9    2388    0
771    56616    10    2656    0
603    56532    8    2124    0
483    54624    8    2128    0
596    53620    8    2124    0
786    56244    9    2376    0
742    57212    9    2376    0
1207    62240    9    2380    0
738    57752    8    2128    0
682    53816    8    2120    0
776    58960    8    2120    0
992    58648    9    2388    0
596    55624    9    2392    0
404    51628    8    2124    0
632    56796    8    2124    0
538    51648    8    2128    0
1089    61472    9    2384    0
1174    61964    9    2380    0
692    56784    8    2124    0
670    56568    8    2124    0
637    57128    8    2132    0
1011    64920    9    2388    0
769    61032    9    2380    0
1141    66136    9    2380    0
990    68144    9    2380    0
739    64456    8    2124    0
790    62648    8    2128    0
688    61432    8    2128    0
629    60072    8    2120    0
1179    68992    9    2392    0
787    61492    8    2124    0
913    65752    9    2388    0
630    60628    9    2384    0
724    67160    9    2392    0
769    61632    8    2116    0
1344    67636    9    2396    0
594    59188    8    2124    0
725    62076    8    2124    0
1051    64748    9    2384    0
952    63816    9    2392    0
1063    64816    9    2392    0
813    64016    8    2128    0
953    66128    9    2384    0
681    61108    9    2392    0
724    63744    8    2124    0
789    64060    8    2124    0
1149    64184    9    2388    0
830    64144    9    2388    0
1078    66708    9    2376    0
1437    71084    9    2388    0
1237    68408    9    2380    0
957    72280    9    2388    0
1329    75704    9    2388    0
1272    73488    9    2388    0
1308    73216    9    2384    0
785    70796    9    2384    0
1296    74540    9    2388    0
1624    80588    9    2392    0
2315    83668    10    2652    0
554    64160    8    2124    0
905    70720    9    2380    0
966    72360    9    2384    0
762    68820    8    2128    0
679    65520    8    2124    0
789    66520    9    2392    0
944    69616    9    2388    0
548    64080    8    2128    0
721    69624    9    2380    0
652    64712    8    2120    0
855    69700    9    2380    0
521    63228    8    2124    0
727    67680    8    2124    0
1082    71736    9    2392    0
806    68400    8    2132    0
1566    74096    9    2392    0
1184    70960    9    2388    0
666    67412    8    2124    0
690    66760    9    2380    0
857    72032    9    2392    0
800    70608    9    2388    0
763    69148    8    2128    0
966    72872    9    2388    0
1183    79056    9    2392    0
1062    76256    9    2384    0
1190    75148    9    2392    0
1522    78136    9    2388    0
1344    80236    9    2384    0
925    73100    9    2384    0
1372    79896    9    2384    0
988    73632    10    2644    0
1580    78368    9    2388    0
1295    80664    9    2388    0
946    75244    9    2392    0
1248    77656    9    2392    0
1023    75056    9    2384    0
766    74164    9    2396    0
805    75384    9    2392    0
1025    77340    9    2392    0
707    73340    9    2392    0
1097    75696    9    2396    0
1109    77548    9    2388    0
2138    85448    10    2640    0
1119    78548    9    2384    0
658    74048    9    2380    0
957    75632    9    2384    0
1375    78536    9    2388    0
1094    79432    9    2384    0
920    78436    9    2396    0
1067    76048    9    2392    0
927    73640    9    2388    0
871    74844    9    2388    0
840    79568    9    2384    0
780    77592    8    2128    0
795    82276    9    2392    0
1211    86660    9    2396    0
932    81248    10    2652    0
1654    86344    9    2392    0
1530    86676    9    2388    0
1222    84188    9    2392    0
1286    82996    9    2388    0
1134    82816    9    2392    0
1297    83688    9    2400    0
987    81492    9    2392    0
723    75976    9    2384    0
813    76208    10    2644    0
1355    83660    9    2388    0
1058    81272    9    2384    0
1173    81480    9    2384    0
1022    84064    9    2388    0
1470    86152    10    2648    0
1387    87088    10    2648    0
2495    98740    10    2652    0
1264    85400    9    2392    0
1511    87064    10    2652    0
811    81592    9    2384    0
1495    86088    9    2392    0
1343    83528    9    2380    0
886    76912    9    2388    0
801    79556    9    2392    0
1051    85480    9    2388    0
1252    85328    9    2388    0
1405    88860    9    2400    0
1114    85608    9    2388    0
799    83928    9    2388    0
1405    90820    9    2392    0
1053    87408    9    2388    0
1861    98616    10    2656    0
1532    93392    9    2392    0
1084    85100    9    2388    0
1273    89356    9    2388    0
1470    91096    9    2392    0
1742    97044    10    2656    0
1311    90564    9    2384    0
1600    93444    9    2396    0
2609    105392    10    2656    0
1825    96320    9    2384    0
1018    86184    9    2392    0
2591    105756    10    2656    0
1234    88696    9    2392    0
1895    94656    10    2652    0
1031    93720    10    2648    0
1370    89632    9    2384    0
1595    94512    10    2648    0
1091    89132    9    2392    0
1457    92988    9    2396    0
1484    93216    9    2396    0
1076    88744    9    2384    0
1517    91864    10    2652    0
1334    93304    9    2392    0
1056    88512    9    2380    0
1865    95584    10    2656    0
1471    97280    10    2644    0
1178    95832    9    2384    0
1288    97328    10    2644    0
825    90028    8    2132    0
1374    98384    10    2652    0
2398    108452    10    2648    0
1143    93508    9    2388    0
1423    98232    10    2644    0
2014    103036    10    2656    0
1268    97432    10    2652    0
1113    93476    9    2384    0
907    91048    9    2384    0
1308    97516    9    2388    0
1083    92668    9    2392    0
1378    96168    9    2392    0
1566    97844    10    2652    0
1566    99588    10    2656    0
1297    95740    10    2652    0
1326    97408    9    2384    0
2140    108712    10    2644    0
1197    95664    9    2392    0
2277    107088    10    2644    0
1329    94864    9    2396    0
1569    93604    9    2388    0
1401    98624    9    2388    0
1016    95732    9    2388    0
1575    95412    9    2392    0
1173    96592    10    2660    0
1308    95508    9    2392    0
1495    95800    9    2388    0
