10253.0
20500.0
30762.0
41028.0
51300.0
61568.0
71797.0
82091.0
92376.0
102583.0
112860.0
123147.0
133358.0
143656.0
153935.0
164105.0
174443.0
184659.0
194902.0
205224.0
215375.0
225704.0
235929.0
246227.0
256511.0
266727.0
276997.0
287187.0
297513.0
307757.0
318042.0
328393.0
338525.0
348851.0
359134.0
369406.0
379596.0
389896.0
400193.0
410406.0
420602.0
430902.0
441189.0
451462.0
461682.0
471889.0
482279.0
492512.0
502842.0
513011.0
523255.0
533460.0
543726.0
554060.0
564289.0
574585.0
584857.0
594993.0
605404.0
615556.0
625869.0
636097.0
646470.0
656632.0
667019.0
677208.0
687448.0
697653.0
707988.0
718242.0
728477.0
738877.0
748964.0
759329.0
769492.0
779692.0
789991.0
800297.0
810563.0
820772.0
831152.0
841335.0
851502.0
861862.0
872099.0
882213.0
892638.0
902964.0
913168.0
923462.0
933783.0
943880.0
954129.0
964562.0
974736.0
985064.0
995216.0
1005383.0
1015736.0
1026077.0
