269796.1
564875.88
948397.96
1226563.68
1763932.72
1965719.58
2266588.7
2653752.74
3461354.36
3698402.14
3889084.26
4107756.92
4233838.32
4785898.08
5275485
6015027.14
6863895.3
7180969.18
7425398.74
7642710.34
7827050.16
8015588.9
8195275.32
8442090.34
8638435.06
9020440.48
10000570.02
10427690.76
10729731.34
11975164.68
12554808.56
13155512.48
13804568.24
14310774.4
14621088.48
14838853.36
15118158.44
15336699.64
15533228.78
15735126.96
15925676.38
16243096.98
16309010.1
16496308.94
16685817.98
16874033.44
17129774.72
17549493.68
17895029.26
18231171.14
18429369.66
18525716.16
20376241.52
21071367.34
21598638.02
22360888.06
23434718.86
24469654.34
24888504.38
25745669.8
26872906.64
26924903.48
27742166.36
28147764.7
28666014.24
29236839.6
29374762.12
29756330.44
29894266.36
30193891.96
30419026.86
30622072.16
30861060.4
31076832.36
31302248.9
31511111.62
31722387.94
31930570.08
32117133.84
32322335.26
32537984.62
32723638.28
32918543.3
33131757.04
33639958.14
33767529.48
33948923.38
33915332.92
34114099.68
34532824.52
35091068.32
34703251.24
35936331.36
35474629.36
36222501.94
36507240.24
37276045.06
37470498.3
37928043.6
38276027.34
