50250.0
107802.0
173172.0
230236.0
287574.0
366045.0
434109.0
489330.0
544235.0
606210.0
680084.0
768341.0
851272.0
919771.0
979946.0
1036092.0
1091696.0
1149271.0
1209839.0
1274778.0
1345530.0
1423233.0
1509904.0
1603913.0
1700775.0
1790152.0
1869688.0
1940791.0
2007141.0
2069264.0
2128630.0
2186872.0
2244399.0
2301696.0
2359954.0
2419096.0
2479908.0
2542189.0
2607105.0
2673581.0
2743304.0
2816401.0
2892416.0
2972205.0
3057067.0
3146102.0
3239853.0
3339186.0
3441964.0
3546851.0
3648528.0
3744928.0
3836602.0
3922797.0
4003916.0
4080403.0
4152938.0
4223534.0
4290395.0
4355011.0
4418864.0
4481010.0
4541633.0
4601894.0
4661616.0
4721499.0
4780018.0
4839502.0
4899011.0
4958544.0
5018707.0
5079382.0
5140914.0
5202511.0
5265060.0
5329383.0
5393518.0
5459902.0
5526649.0
5595378.0
5665754.0
5736498.0
5808820.0
5883404.0
5959495.0
6037207.0
6116998.0
6198892.0
6281685.0
6369038.0
6456379.0
6546532.0
6639272.0
6735064.0
6831494.0
6933180.0
7036190.0
7142348.0
7250921.0
7361788.0
