731126.8
1673645.36
2690137.7
3797921.94
4730505.12
6046626.66
7599304.12
8550066.4
9495352.84
10570394.64
11864087.8
13443292.26
14874622.84
17004571.54
18100094.64
19121406.02
20132183.22
21177956.12
22287496.72
23484502.72
24770982.46
26173043.92
27861649.04
29624616.74
31404997.56
33053796.4
36400684.38
37769781.7
39026473.2
40255702.54
41374754.98
42510641.44
43638013.08
44709391.98
45866800.68
46959417.42
48169624.94
49329745.96
50598920.5
51877907.6
53194353.7
54624810.72
56085398.24
57581833.44
59219005.12
61074006.82
62923496.38
64839965.14
66935895.66
69015732.52
70924096.56
72883215.88
78411320.52
80236349.9
81837908.46
83386101.76
84917737.62
86277087.62
87625019.12
89017958.1
90259370.14
91486558
92802664.94
93984276.36
95135668.98
96415899.96
97621322.7
98775092.52
99946572.06
101249297.06
102427462.24
103598932.4
104877741.86
106180781.58
107381243.42
108680413
110051675.74
111336488.6
112635850.46
114113744
115510646.34
116890170.16
118427215
119911194.22
121371114.38
123065025.74
124609584.86
126210029.34
127968669.02
129668367.72
131428335.2
133288166.6
135149140.62
137342225.72
139231714.78
141429270.6
143628917.56
145691391.9
148069729.26
150366532.82
