359134.76
769510.1
1149718.02
1644064.1
2038258.32
2427660
2950628.04
3411808.58
3847388.3
4263444.9
4720927.56
5171654.16
5620582
6432237.26
6908690.34
7507860.52
8001010.76
8476533.88
9084301.6
9588177.74
10053220.36
10603449.52
11189041.42
11674885.3
12133744.5
12689446.6
13952678.8
14485451.3
14988247.64
15513920.32
16259033.4
16904594.06
17438917.4
17931289.14
18468025.3
18991228.12
19640661.84
20304019.2
20824116.52
21315143.84
21816356.78
22356398.82
22894266.66
23511278.44
24162484.14
24727395.54
25249854.32
25730583.72
26241494.18
26759292.94
27437825.04
27998258
30019513.06
30573750.84
31139114.84
31680099.58
32228788.92
32742866.7
33255257.7
33973185.2
34713198.18
35503881.04
36190748.92
36795120.46
37341546.94
37859024.28
38374650.1
38904326.6
39443898.08
39895435.12
40536345.7
41325406.42
42037501.18
42708320.44
43341260.18
43919409.06
44441373.86
44957865.48
45498669.04
45976948.52
46516467.24
47054507.78
47560886.88
48140190.24
48761894.9
49492599.72
50196688.54
50901873.46
51509020.02
52071984.52
52611665.46
53144053.1
53671927.48
54205747.16
54773580.92
55259656.58
55819369.32
56387755.58
56884509.24
57538255.74
