22735.0
45481.0
65491.0
91098.0
109708.0
131029.0
160134.0
182349.0
201498.0
219575.0
238186.0
262024.0
293837.0
320354.0
343732.0
364941.0
384564.0
403247.0
421341.0
439172.0
457577.0
476675.0
497640.0
524390.0
557851.0
588007.0
615385.0
641011.0
664914.0
687804.0
709178.0
729982.0
749846.0
769103.0
787936.0
806547.0
824549.0
842612.0
860653.0
878705.0
896867.0
915125.0
934131.0
953586.0
973880.0
995359.0
1018813.0
1049134.0
1083612.0
1116065.0
1146643.0
1175766.0
1203851.0
1230884.0
1257141.0
1282169.0
1306530.0
1329984.0
1353161.0
1375427.0
1397436.0
1418466.0
1439518.0
1460131.0
1479934.0
1499841.0
1519510.0
1538795.0
1557224.0
1576275.0
1594726.0
1613260.0
1631491.0
1649730.0
1667704.0
1685666.0
1703783.0
1721615.0
1739585.0
1757504.0
1775703.0
1794055.0
1812391.0
1830733.0
1849562.0
1868335.0
1887467.0
1907300.0
1927408.0
1947889.0
1969172.0
1990996.0
2013777.0
2038212.0
2064775.0
2098148.0
2133849.0
2166962.0
2200359.0
2232077.0
