14    3124    7    844    0
10    2656    6    720    0
13    3428    7    852    0
12    3532    7    852    0
10    2936    5    604    0
15    3544    6    724    0
15    3700    7    844    0
10    2804    5    604    0
13    3116    6    720    0
14    2996    6    720    0
15    4016    8    976    0
22    4964    10    1208    0
10    3096    6    720    0
16    2872    6    728    0
12    3244    7    840    0
20    4360    10    1208    0
14    3972    8    968    0
15    3580    9    1096    0
13    3432    8    960    0
7    3072    8    964    0
15    3432    8    964    0
8    3208    7    844    0
14    3444    7    840    0
20    4512    11    1332    0
8    2788    6    724    0
17    3596    7    844    0
13    3552    6    728    0
20    4172    8    972    0
18    3604    10    1204    0
13    3120    6    728    0
36    8000    11    1340    0
29    7896    10    1212    0
24    8000    10    1216    0
29    8644    11    1324    0
20    7404    12    1456    0
30    8100    11    1332    0
32    8512    11    1336    0
31    8336    12    1444    0
30    8484    13    1572    0
21    7848    11    1320    0
24    8560    14    1684    0
30    8200    12    1456    0
18    6044    9    1088    0
27    7616    11    1332    0
31    8388    12    1452    0
34    9376    12    1448    0
18    6436    10    1212    0
31    7896    10    1212    0
26    7984    10    1212    0
30    8068    10    1220    0
33    9200    14    1696    0
29    9336    13    1580    0
33    10212    14    1692    0
27    8296    11    1324    0
32    8052    11    1336    0
29    8232    12    1444    0
35    8004    11    1328    0
30    9468    14    1700    0
25    7908    13    1572    0
28    7672    13    1568    0
57    15384    17    2052    0
56    14072    16    1920    0
41    12136    15    1820    0
73    15664    19    2288    0
56    12972    17    2056    0
63    14996    16    1932    0
62    12740    15    1824    0
42    13420    17    2052    0
62    14708    17    2056    0
57    12704    15    1808    0
50    13448    16    1944    0
40    11392    13    1576    0
57    14416    20    2412    0
45    13004    19    2304    0
57    13428    17    2040    0
34    11936    14    1696    0
101    14376    21    2548    0
57    13552    16    1940    0
56    12268    16    1928    0
46    12888    15    1820    0
34    11772    14    1696    0
43    11872    15    1816    0
64    13204    16    1932    0
51    12152    16    1936    0
56    14140    15    1820    0
65    14180    17    2060    0
57    14264    15    1812    0
56    13412    15    1824    0
50    12096    15    1812    0
66    15180    18    2172    0
59    17368    18    2176    0
62    16528    20    2408    0
62    17124    20    2412    0
66    18168    18    2180    0
74    18224    20    2428    0
82    16916    18    2172    0
65    17612    21    2544    0
64    18004    18    2168    0
88    20000    21    2536    0
62    17268    18    2184    0
56    17640    18    2176    0
60    18408    16    1940    0
66    16776    16    1940    0
62    16968    16    1940    0
71    18636    18    2172    0
66    17620    20    2420    0
72    19328    19    2296    0
61    18880    19    2292    0
62    17164    17    2052    0
76    17128    17    2052    0
70    19492    18    2180    0
67    17448    20    2416    0
62    17552    19    2292    0
66    18740    19    2296    0
69    19304    20    2412    0
72    18184    20    2416    0
73    19196    19    2288    0
78    18940    20    2416    0
70    17080    17    2052    0
74    19648    20    2412    0
142    27184    23    2792    0
81    24264    23    2772    0
115    23712    21    2536    0
113    24364    21    2544    0
117    23268    21    2544    0
76    21656    20    2424    0
94    22652    22    2652    0
110    23292    21    2548    0
77    22512    22    2664    0
119    22212    21    2540    0
95    22552    24    2912    0
117    24196    21    2520    0
97    22580    22    2660    0
83    23848    22    2648    0
101    24568    23    2772    0
126    25548    22    2664    0
76    20940    20    2416    0
93    23536    24    2884    0
86    20100    22    2652    0
115    25384    22    2668    0
75    21960    21    2528    0
95    21684    22    2668    0
114    24440    21    2548    0
88    21796    22    2660    0
102    23604    21    2540    0
105    21584    21    2532    0
82    23140    22    2656    0
121    23924    25    3024    0
115    22600    22    2660    0
89    23884    23    2780    0
125    28912    25    3040    0
143    28748    22    2680    0
130    29724    25    3016    0
124    29116    22    2656    0
156    28232    28    3384    0
113    29560    24    2912    0
140    31136    23    2788    0
114    27248    22    2672    0
134    29004    24    2912    0
112    26356    22    2668    0
123    29312    27    3276    0
130    28824    24    2900    0
120    29088    22    2668    0
147    28496    22    2668    0
133    29780    22    2664    0
118    28084    22    2668    0
138    30296    28    3384    0
123    28340    25    3020    0
106    27720    23    2768    0
181    30656    28    3380    0
131    28284    23    2776    0
119    29168    22    2664    0
111    26664    21    2544    0
118    29096    24    2916    0
127    27416    22    2676    0
112    28900    22    2668    0
103    26832    23    2780    0
139    29632    22    2664    0
128    28744    22    2672    0
105    26744    23    2780    0
137    33760    26    3160    0
135    32408    25    3020    0
147    32500    25    3012    0
139    33280    26    3152    0
133    32464    23    2792    0
135    33148    23    2796    0
141    31772    25    3024    0
155    32112    26    3144    0
143    34440    24    2900    0
118    30376    24    2900    0
138    34280    27    3264    0
165    34352    28    3376    0
136    32692    27    3284    0
137    30816    22    2664    0
136    32712    24    2900    0
135    34232    27    3256    0
127    30884    26    3136    0
150    33064    24    2912    0
146    32252    23    2796    0
137    31448    27    3252    0
132    32652    23    2780    0
138    33816    27    3268    0
138    33104    25    3028    0
126    33816    26    3144    0
122    31692    26    3132    0
112    29972    24    2908    0
153    31568    24    2900    0
149    34024    28    3376    0
155    33872    25    3016    0
135    32656    23    2792    0
159    36928    28    3380    0
157    40356    28    3392    0
141    38540    26    3148    0
138    37268    27    3256    0
147    38280    27    3264    0
148    38852    28    3396    0
183    41284    29    3488    0
187    40512    28    3384    0
139    35132    25    3032    0
143    34304    29    3508    0
164    38032    28    3384    0
141    37008    29    3500    0
191    39400    28    3400    0
153    37272    26    3164    0
157    39512    27    3252    0
133    36208    29    3512    0
174    40768    28    3404    0
136    36700    27    3264    0
142    37984    28    3392    0
216    40420    29    3500    0
136    37644    26    3140    0
151    37188    27    3268    0
191    38932    28    3396    0
147    35756    29    3492    0
167    40892    30    3648    0
176    39536    28    3380    0
141    39512    25    3028    0
213    38144    28    3388    0
227    39284    28    3388    0
224    42648    28    3384    0
263    48640    31    3756    0
197    41520    29    3528    0
212    42264    29    3532    0
199    43568    29    3496    0
227    45136    28    3396    0
221    44064    29    3504    0
191    46500    30    3628    0
154    40236    29    3500    0
230    44660    31    3744    0
260    42096    28    3384    0
266    47652    29    3520    0
228    45096    31    3752    0
225    45108    29    3520    0
217    45900    29    3520    0
205    42224    30    3632    0
211    40776    28    3388    0
166    41088    29    3516    0
165    42380    27    3284    0
231    44712    32    3872    0
154    40828    27    3256    0
202    46656    30    3628    0
161    42308    30    3628    0
198    43704    29    3508    0
186    39904    28    3392    0
195    43792    30    3632    0
228    44556    29    3516    0
237    45620    28    3400    0
165    41596    30    3616    0
143    39504    26    3152    0
221    45080    29    3504    0
247    51492    30    3628    0
254    50272    29    3504    0
264    51900    29    3532    0
249    49816    30    3632    0
331    52132    30    3620    0
240    51052    34    4100    0
233    51388    31    3752    0
246    49100    29    3496    0
234    51252    33    4032    0
255    49048    28    3392    0
207    50000    34    4128    0
271    50836    28    3392    0
318    51008    36    4332    0
264    49256    30    3628    0
248    45064    28    3400    0
197    48512    32    3860    0
268    53532    29    3516    0
258    47548    29    3492    0
277    49940    29    3520    0
199    47116    29    3508    0
279    54060    33    3984    0
230    49280    29    3520    0
252    50896    30    3628    0
248    49752    30    3620    0
245    49944    29    3504    0
242    50472    33    3992    0
252    54300    31    3740    0
263    51368    30    3636    0
211    44544    29    3512    0
216    51220    29    3504    0
300    60104    34    4120    0
255    53952    32    3876    0
261    56476    30    3616    0
244    55016    34    4104    0
249    53324    36    4344    0
276    56260    31    3764    0
255    55344    30    3620    0
250    56256    32    3876    0
247    54392    33    3992    0
251    56340    31    3740    0
257    52184    30    3628    0
268    54600    31    3752    0
240    52260    30    3608    0
262    53436    29    3512    0
245    55456    30    3636    0
255    58288    35    4228    0
231    50288    29    3532    0
274    52344    35    4216    0
359    61008    36    4352    0
264    55128    34    4104    0
239    56800    31    3740    0
223    55072    30    3632    0
254    53440    34    4128    0
263    55712    35    4224    0
243    55420    29    3512    0
260    57388    37    4460    0
249    55032    30    3632    0
273    57976    31    3744    0
255    54384    30    3620    0
272    57236    32    3864    0
278    56244    32    3884    0
259    59144    34    4100    0
249    56704    31    3756    0
285    59992    32    3864    0
302    61212    33    3996    0
364    64816    36    4356    0
269    57380    33    3988    0
324    63036    36    4360    0
303    62636    36    4352    0
272    63384    34    4120    0
266    60992    34    4108    0
266    59864    29    3496    0
244    57032    35    4248    0
279    57712    31    3748    0
269    57232    32    3896    0
278    63588    33    3996    0
276    56848    30    3616    0
274    58432    29    3496    0
252    59580    31    3764    0
243    59856    36    4356    0
249    56752    30    3636    0
246    56872    31    3728    0
312    59736    35    4264    0
286    62480    35    4236    0
249    59584    33    3984    0
253    58208    34    4128    0
396    61772    36    4364    0
259    62504    32    3868    0
265    60708    33    4008    0
249    59116    36    4340    0
401    68612    36    4352    0
266    61516    33    3996    0
307    67140    39    4716    0
344    64644    36    4340    0
282    63744    35    4224    0
253    61312    30    3624    0
264    59448    32    3860    0
277    63644    39    4696    0
269    63492    32    3876    0
385    68952    36    4376    0
263    62996    32    3872    0
270    66236    35    4240    0
304    71336    35    4240    0
271    64452    35    4244    0
288    62148    32    3860    0
281    67244    34    4116    0
275    64424    32    3860    0
280    65224    32    3868    0
273    60092    36    4352    0
313    65552    37    4464    0
257    61456    35    4236    0
285    64340    34    4124    0
270    64144    35    4208    0
270    61808    29    3512    0
273    62572    31    3752    0
404    63632    36    4368    0
288    65312    36    4380    0
292    65124    35    4228    0
329    66544    36    4356    0
291    64888    33    3984    0
294    66928    31    3748    0
271    66348    31    3768    0
335    70904    38    4600    0
304    67188    33    3992    0
292    71124    34    4124    0
306    70036    36    4340    0
294    68940    37    4476    0
272    63680    30    3632    0
296    72600    36    4364    0
306    67764    34    4104    0
423    72176    36    4372    0
296    67904    37    4492    0
444    71280    36    4356    0
296    69192    36    4348    0
280    65888    37    4468    0
397    76108    37    4480    0
275    68560    34    4104    0
271    67216    34    4124    0
285    66288    35    4224    0
421    76352    36    4372    0
299    68264    33    4000    0
302    69084    35    4240    0
283    64764    32    3860    0
294    67928    37    4476    0
358    67780    36    4344    0
278    68652    32    3864    0
267    67508    33    3992    0
292    69344    36    4352    0
349    71952    38    4612    0
359    72380    36    4356    0
326    73012    36    4344    0
326    72480    33    3988    0
301    72136    36    4348    0
304    71392    34    4124    0
396    74100    36    4364    0
307    72960    36    4344    0
478    79272    36    4364    0
306    73268    36    4336    0
461    74856    36    4348    0
302    69544    35    4240    0
346    74508    36    4360    0
293    71496    33    3984    0
333    71788    33    4008    0
276    71132    33    4000    0
274    70992    33    4004    0
417    75840    36    4356    0
400    76388    36    4352    0
304    74384    37    4484    0
305    70456    37    4460    0
412    75728    37    4472    0
346    72276    37    4472    0
298    70064    36    4344    0
333    79052    37    4476    0
300    75024    35    4248    0
295    75008    35    4232    0
458    75568    36    4372    0
306    74380    34    4108    0
289    70896    35    4244    0
290    74536    40    4844    0
405    80548    38    4580    0
