17    6056    7    1852    0
12    5728    6    1588    0
19    8320    8    2120    0
9    5104    5    1324    0
15    5160    5    1328    0
12    5404    5    1320    0
13    4880    5    1324    0
17    6620    6    1588    0
22    6380    6    1596    0
22    5812    6    1588    0
16    5760    6    1592    0
27    7528    8    2124    0
15    7688    6    1588    0
17    5744    5    1324    0
18    7704    7    1848    0
22    5532    6    1592    0
16    5748    5    1324    0
17    6612    7    1848    0
20    6088    6    1592    0
21    8328    7    1860    0
11    5396    5    1324    0
15    6040    5    1328    0
12    5136    6    1592    0
18    6632    6    1596    0
21    7488    7    1856    0
13    6016    5    1324    0
12    5424    5    1328    0
20    7468    6    1588    0
15    7712    6    1592    0
13    5992    6    1584    0
31    13420    8    2112    0
33    13988    9    2380    0
38    14876    9    2396    0
34    13412    9    2380    0
38    15516    10    2656    0
37    14048    9    2384    0
31    13148    9    2380    0
40    16376    11    2912    0
35    14336    10    2648    0
60    14556    10    2652    0
54    14800    10    2648    0
42    15820    10    2648    0
51    18192    12    3180    0
60    16848    11    2908    0
43    16120    11    2912    0
27    13944    9    2380    0
42    14664    9    2396    0
47    17568    10    2656    0
28    11960    8    2116    0
37    14036    9    2388    0
32    13116    9    2376    0
45    14964    9    2388    0
29    12820    8    2116    0
34    13472    10    2652    0
39    15248    11    2908    0
55    16248    10    2652    0
48    14140    10    2648    0
29    12560    9    2380    0
40    15792    11    2912    0
36    12912    8    2120    0
60    21816    13    3444    0
72    23376    12    3180    0
78    22860    13    3452    0
75    23704    13    3444    0
95    28736    14    3708    0
75    25132    13    3448    0
71    23672    13    3444    0
60    23248    14    3712    0
84    23736    14    3712    0
80    27440    13    3444    0
89    24104    12    3196    0
58    23268    12    3176    0
60    21292    12    3176    0
88    26064    14    3704    0
74    26024    13    3444    0
75    23744    12    3188    0
72    25072    13    3444    0
69    26512    12    3184    0
62    21592    11    2912    0
80    25440    14    3716    0
67    23328    12    3172    0
64    20728    12    3180    0
89    24372    13    3440    0
82    24856    12    3176    0
110    24904    14    3712    0
87    25808    13    3444    0
61    22144    12    3180    0
73    23420    12    3180    0
60    22708    12    3184    0
75    24564    13    3440    0
104    31240    15    3972    0
93    30628    13    3444    0
88    32004    14    3716    0
109    32464    14    3708    0
106    32160    15    3968    0
109    33000    15    3980    0
73    30124    12    3184    0
149    38824    17    4500    0
93    29480    14    3728    0
124    33140    15    3976    0
83    29056    13    3448    0
109    31580    15    3976    0
107    35308    16    4236    0
80    29852    14    3704    0
86    29676    13    3448    0
131    35496    15    3972    0
93    30832    14    3704    0
94    31528    15    3984    0
97    32040    14    3708    0
125    34588    16    4232    0
118    37688    15    3976    0
93    32020    14    3728    0
90    32012    15    3976    0
123    31152    14    3708    0
120    33400    15    3984    0
124    35728    15    3972    0
106    36424    15    3964    0
136    34432    17    4500    0
81    29312    12    3180    0
91    31124    13    3448    0
140    40040    16    4236    0
143    43456    16    4240    0
137    42552    15    3976    0
163    43656    16    4236    0
188    47556    17    4516    0
163    44824    17    4508    0
151    41496    15    3980    0
137    39444    15    3972    0
132    38792    16    4244    0
130    42488    16    4244    0
212    49232    18    4760    0
133    42224    16    4240    0
128    40516    15    3972    0
135    38824    16    4240    0
154    42148    17    4512    0
157    42708    17    4504    0
125    39000    15    3980    0
149    42712    17    4500    0
172    47696    18    4764    0
120    38408    15    3976    0
190    44756    16    4236    0
152    41576    17    4516    0
159    43028    16    4240    0
137    40568    16    4240    0
182    48980    18    4772    0
180    41832    17    4504    0
161    46792    16    4236    0
118    36996    15    3976    0
153    40952    17    4504    0
124    41024    16    4236    0
197    55288    18    4780    0
220    50608    18    4772    0
228    52456    20    5284    0
190    52588    17    4508    0
223    50640    17    4508    0
152    45664    16    4240    0
168    49812    17    4504    0
233    51604    18    4768    0
215    53384    17    4508    0
138    46420    15    3976    0
159    49732    17    4496    0
160    48984    18    4764    0
207    55944    18    4776    0
156    47192    17    4504    0
154    47744    16    4236    0
214    52020    19    5032    0
196    53256    18    4776    0
191    52296    17    4508    0
228    54120    18    4772    0
153    48296    16    4236    0
179    50540    17    4500    0
153    46876    17    4516    0
154    49416    17    4492    0
181    49404    18    4760    0
194    53516    17    4508    0
215    52556    18    4764    0
225    54372    19    5028    0
128    44072    15    3984    0
176    49404    18    4780    0
171    50428    17    4504    0
256    62796    19    5028    0
216    59304    18    4756    0
186    57916    18    4760    0
230    62248    19    5048    0
211    59528    19    5028    0
210    60964    18    4772    0
253    66468    20    5300    0
282    60752    19    5040    0
248    65796    19    5040    0
204    60272    19    5028    0
226    62496    20    5308    0
295    73636    20    5312    0
254    69040    20    5308    0
190    57944    18    4768    0
205    61196    18    4780    0
244    60680    19    5036    0
217    60988    18    4772    0
226    58528    19    5040    0
218    63032    20    5300    0
233    62200    19    5028    0
243    62388    19    5020    0
264    63992    19    5040    0
190    61032    18    4776    0
198    58008    18    4760    0
211    57832    18    4756    0
230    61652    19    5040    0
256    61744    19    5036    0
221    61616    20    5304    0
181    57840    17    4516    0
314    66152    21    5564    0
292    71528    20    5304    0
258    70908    19    5032    0
310    72600    21    5564    0
269    71064    19    5028    0
255    65500    19    5036    0
250    69704    19    5044    0
281    71412    19    5028    0
261    70100    19    5032    0
276    76012    20    5300    0
232    70988    18    4776    0
253    73184    20    5304    0
311    75392    21    5576    0
316    77416    21    5572    0
228    67240    19    5056    0
266    73340    20    5288    0
267    70484    20    5308    0
269    70776    19    5032    0
248    73724    20    5296    0
239    69068    20    5300    0
262    70136    20    5312    0
291    77760    21    5560    0
370    75944    21    5568    0
300    67052    19    5044    0
322    75528    22    5828    0
388    75816    22    5832    0
265    75008    20    5300    0
332    73580    21    5564    0
277    72248    21    5564    0
248    71716    19    5036    0
251    72320    19    5028    0
301    87728    21    5564    0
299    77740    21    5568    0
278    84996    20    5296    0
352    83912    21    5576    0
345    85584    21    5560    0
305    82376    20    5304    0
361    84584    22    5820    0
319    85344    23    6096    0
368    79788    21    5584    0
376    85568    21    5552    0
288    78232    20    5288    0
377    86984    21    5560    0
359    80004    20    5296    0
304    79496    21    5564    0
313    84944    21    5572    0
300    77508    20    5300    0
374    84684    21    5572    0
278    77588    20    5308    0
335    83752    21    5576    0
300    81152    21    5580    0
298    77128    20    5304    0
354    85376    21    5576    0
308    80104    21    5580    0
256    75996    21    5560    0
346    84492    21    5548    0
262    80304    19    5040    0
305    79792    19    5032    0
299    82020    21    5568    0
385    91056    23    6104    0
293    75972    19    5036    0
374    93688    21    5568    0
339    95292    21    5572    0
397    97352    21    5564    0
303    86220    21    5560    0
446    103720    23    6092    0
344    89152    21    5576    0
331    88196    20    5304    0
364    94432    22    5824    0
379    88048    23    6104    0
340    85660    21    5564    0
363    93624    24    6352    0
320    90932    21    5572    0
320    85288    20    5308    0
406    91996    21    5564    0
322    86360    21    5564    0
367    97116    21    5564    0
380    95196    22    5832    0
346    88832    21    5572    0
386    94960    21    5572    0
374    94872    22    5828    0
344    91156    23    6088    0
411    97424    21    5568    0
380    86652    21    5568    0
308    88816    20    5308    0
414    100896    22    5832    0
308    87652    21    5576    0
321    92584    21    5572    0
323    89216    22    5820    0
477    98912    23    6096    0
358    90992    23    6084    0
388    95732    22    5824    0
457    102856    22    5832    0
383    96484    21    5564    0
433    104616    23    6096    0
351    96528    22    5820    0
433    104948    23    6096    0
425    100336    23    6096    0
424    108608    23    6100    0
431    105208    22    5840    0
457    103704    23    6096    0
423    105420    23    6088    0
399    99480    22    5832    0
349    97928    21    5576    0
472    111228    23    6100    0
365    97828    22    5832    0
389    96568    21    5560    0
359    95084    21    5564    0
458    106568    22    5824    0
389    93724    21    5556    0
442    107540    22    5844    0
477    107936    24    6372    0
351    97628    22    5844    0
411    102756    22    5824    0
360    100856    23    6092    0
506    112360    23    6084    0
387    103924    22    5828    0
450    100780    21    5584    0
425    104912    22    5812    0
381    97648    21    5560    0
415    96520    23    6088    0
503    119088    23    6096    0
446    117416    23    6108    0
509    118052    24    6364    0
501    113320    23    6104    0
533    125608    25    6624    0
477    116520    22    5836    0
415    108116    22    5852    0
467    115360    24    6356    0
389    104700    22    5832    0
664    116548    24    6352    0
512    110300    23    6100    0
475    114284    23    6092    0
442    110596    23    6100    0
444    118008    23    6100    0
430    107328    22    5828    0
479    118184    23    6104    0
507    119128    24    6380    0
457    115808    22    5832    0
475    110028    22    5844    0
442    116484    23    6088    0
444    112512    23    6108    0
485    112632    23    6092    0
464    113284    23    6092    0
455    108400    22    5840    0
454    112388    24    6368    0
437    107952    23    6092    0
505    127740    24    6364    0
490    117816    23    6100    0
425    108136    22    5832    0
429    114432    24    6356    0
469    118888    25    6620    0
487    124192    23    6104    0
485    122796    24    6368    0
546    130984    25    6620    0
508    119336    24    6348    0
492    126520    24    6372    0
536    125440    24    6360    0
599    126080    24    6356    0
490    125960    25    6636    0
459    115716    23    6112    0
414    117624    23    6108    0
492    124568    23    6108    0
440    112144    23    6096    0
440    120652    24    6368    0
547    129036    25    6632    0
473    120344    24    6376    0
436    123164    23    6092    0
467    118560    22    5832    0
550    127056    25    6624    0
586    131700    27    7164    0
502    120400    24    6364    0
474    124400    25    6632    0
520    122004    24    6368    0
440    115588    24    6348    0
466    126600    23    6108    0
469    118040    24    6360    0
592    132008    25    6620    0
547    125576    23    6108    0
595    132536    24    6368    0
510    126724    25    6624    0
641    138552    24    6360    0
494    131076    23    6096    0
510    129668    24    6384    0
752    138752    28    7416    0
545    136096    24    6352    0
530    131648    24    6364    0
574    141592    24    6364    0
601    130560    24    6348    0
516    133744    24    6364    0
563    134536    25    6636    0
567    131344    24    6364    0
474    127912    23    6104    0
538    130572    24    6356    0
489    134064    23    6104    0
548    136288    24    6372    0
527    136912    25    6624    0
494    129308    24    6352    0
591    144604    25    6616    0
504    127064    23    6104    0
565    135948    24    6376    0
635    141392    25    6624    0
586    140320    25    6624    0
591    134728    24    6372    0
546    133452    25    6632    0
615    138064    26    6896    0
646    146608    25    6624    0
523    130456    24    6364    0
512    132788    23    6108    0
489    131208    23    6100    0
433    126708    23    6100    0
636    152592    25    6628    0
564    145420    24    6364    0
569    134396    24    6372    0
591    149104    25    6612    0
574    143004    24    6356    0
583    143960    24    6372    0
604    145532    24    6384    0
537    136660    24    6356    0
533    138080    26    6892    0
582    150456    25    6628    0
664    145196    27    7148    0
582    146520    25    6608    0
617    151568    26    6888    0
635    150080    25    6616    0
559    149080    24    6384    0
618    140296    24    6364    0
608    146488    26    6888    0
565    142872    24    6372    0
548    140212    26    6880    0
594    147416    26    6904    0
596    138124    25    6624    0
596    146688    24    6360    0
666    147272    25    6636    0
731    155032    27    7164    0
580    147096    25    6628    0
681    147916    25    6616    0
662    139760    25    6632    0
592    142840    25    6628    0
586    141424    25    6620    0
569    136984    23    6100    0
