29    2784    5    608    0
25    2616    4    484    0
17    2108    3    364    0
23    3028    5    608    0
26    2776    4    484    0
23    2452    4    484    0
25    2616    5    604    0
23    2312    4    484    0
33    3248    5    604    0
36    2856    5    600    0
32    3096    5    600    0
21    2432    5    608    0
33    2816    5    600    0
43    3340    5    608    0
23    2304    4    484    0
26    2616    4    484    0
21    2712    4    484    0
20    2304    4    484    0
32    2684    5    604    0
18    2128    3    360    0
21    2432    4    484    0
47    3384    6    720    0
24    2312    4    480    0
27    2920    5    604    0
47    2956    6    728    0
35    3012    5    608    0
23    2320    4    480    0
28    2504    4    480    0
20    2136    4    480    0
23    3024    5    600    0
84    7820    8    976    0
41    5024    6    728    0
57    6028    6    724    0
68    5568    7    844    0
94    7872    8    964    0
61    7404    7    844    0
54    6028    7    844    0
78    7452    7    852    0
55    5720    7    852    0
75    6448    7    852    0
69    6004    7    848    0
46    5640    6    728    0
77    6456    8    964    0
53    6140    7    844    0
71    7684    7    852    0
83    7920    8    964    0
63    5796    6    732    0
51    5424    7    852    0
48    6096    6    732    0
66    6160    7    840    0
93    7980    8    964    0
55    6408    7    852    0
53    5712    6    720    0
55    5560    6    728    0
78    7468    7    848    0
52    5732    7    844    0
62    6224    7    840    0
76    7912    7    844    0
70    6460    7    844    0
47    5392    6    724    0
101    9640    8    968    0
91    9960    7    848    0
159    11736    9    1088    0
108    10712    8    968    0
75    9528    7    848    0
109    11128    9    1088    0
96    10008    8    964    0
127    10400    8    964    0
82    9616    8    968    0
113    11896    9    1084    0
100    10636    9    1088    0
93    10392    9    1080    0
107    10708    8    972    0
95    11168    8    960    0
89    10816    8    976    0
113    11444    9    1084    0
101    10640    9    1088    0
119    11600    9    1092    0
112    10280    8    964    0
92    10296    8    968    0
73    9636    8    964    0
67    9904    7    844    0
112    10584    9    1088    0
69    9356    7    848    0
92    10292    8    968    0
65    9048    8    964    0
118    10920    9    1084    0
159    12364    9    1092    0
87    9668    8    968    0
107    11232    9    1084    0
102    13328    9    1092    0
164    14864    10    1204    0
127    13820    9    1092    0
124    13100    8    972    0
247    16072    11    1324    0
162    15312    11    1332    0
232    15500    11    1324    0
170    15640    10    1220    0
269    17788    11    1320    0
150    15744    10    1200    0
138    13520    10    1200    0
229    15616    10    1212    0
177    14700    10    1204    0
137    13388    9    1092    0
140    14376    10    1208    0
166    13784    9    1088    0
194    15996    10    1216    0
112    13572    8    972    0
152    14224    9    1084    0
171    14960    10    1216    0
181    16304    10    1208    0
120    13384    9    1092    0
145    14156    10    1204    0
110    12960    9    1092    0
101    13328    9    1092    0
163    14896    9    1096    0
140    13400    9    1080    0
140    14088    10    1208    0
135    14648    10    1220    0
189    15700    9    1092    0
159    17960    10    1200    0
203    18788    11    1332    0
181    18584    11    1328    0
220    18632    10    1224    0
314    20040    11    1324    0
173    17008    10    1216    0
220    18752    11    1324    0
166    16428    10    1208    0
236    18784    10    1212    0
206    18680    10    1224    0
305    19148    12    1444    0
209    18384    10    1208    0
159    18660    10    1208    0
159    17576    10    1208    0
215    20264    11    1340    0
150    16648    9    1092    0
218    18480    10    1208    0
168    17624    10    1216    0
175    17776    10    1208    0
206    17968    11    1328    0
192    18684    10    1220    0
218    18164    11    1328    0
228    19884    11    1332    0
174    17676    10    1208    0
179    17456    10    1212    0
285    19800    12    1456    0
269    18972    11    1336    0
161    18120    10    1204    0
200    19168    11    1332    0
141    15968    10    1216    0
331    23024    11    1336    0
304    23240    12    1452    0
248    20736    11    1328    0
203    21196    10    1216    0
297    22360    12    1448    0
260    22952    12    1464    0
270    23896    11    1332    0
251    22488    11    1336    0
202    21060    11    1328    0
302    23896    12    1452    0
297    22724    12    1440    0
304    23628    13    1568    0
280    24564    12    1452    0
214    21916    11    1328    0
257    24956    11    1328    0
200    21456    11    1320    0
256    23240    11    1328    0
223    22924    11    1324    0
249    21992    11    1340    0
223    21788    11    1348    0
302    22356    12    1464    0
280    23184    12    1456    0
325    24964    12    1448    0
308    24256    12    1448    0
217    20472    10    1216    0
425    25040    13    1568    0
269    22352    11    1336    0
252    24032    12    1448    0
229    22152    11    1332    0
349    24320    12    1448    0
288    25496    12    1452    0
312    25420    11    1340    0
324    26172    12    1460    0
284    26040    12    1456    0
320    27628    12    1448    0
390    29436    14    1692    0
379    26864    12    1452    0
287    25892    11    1340    0
344    26872    12    1460    0
218    24152    11    1336    0
353    28620    12    1452    0
292    26020    11    1336    0
293    25992    13    1572    0
573    29080    14    1700    0
310    26408    12    1452    0
324    26704    12    1460    0
442    29292    13    1576    0
298    25504    11    1332    0
217    25728    12    1444    0
255    23924    12    1448    0
278    25428    11    1336    0
361    28256    13    1576    0
293    26228    13    1560    0
283    26604    12    1448    0
292    25976    11    1336    0
373    27376    13    1572    0
384    28912    12    1460    0
349    25784    12    1448    0
342    26992    13    1564    0
263    23296    11    1332    0
381    31436    12    1456    0
420    32364    13    1576    0
299    29848    12    1452    0
314    26472    12    1452    0
376    29828    13    1576    0
345    30132    13    1576    0
515    32896    14    1692    0
459    31036    13    1568    0
455    31656    12    1464    0
257    25384    13    1572    0
316    29416    13    1572    0
381    32144    12    1456    0
357    30932    12    1456    0
347    29308    12    1460    0
389    30428    12    1452    0
333    32404    12    1456    0
329    27744    12    1456    0
407    31664    14    1688    0
343    31092    12    1452    0
372    31196    12    1456    0
378    31088    12    1452    0
524    34468    13    1584    0
320    29344    12    1460    0
291    28556    13    1568    0
419    33460    12    1456    0
392    30848    12    1456    0
405    31696    12    1448    0
397    31444    13    1576    0
438    33784    12    1452    0
341    31272    13    1568    0
496    34384    13    1568    0
475    35564    13    1572    0
329    32136    12    1448    0
548    37344    14    1692    0
453    32832    13    1568    0
604    37408    14    1696    0
435    36460    13    1580    0
434    33912    13    1576    0
469    36128    13    1576    0
474    33444    13    1576    0
387    33032    13    1560    0
507    33924    13    1580    0
426    36480    13    1576    0
408    35316    12    1464    0
391    32972    13    1572    0
427    34992    12    1456    0
564    37440    13    1576    0
503    36472    13    1576    0
431    32480    13    1568    0
366    33000    12    1460    0
285    31208    12    1452    0
548    34528    14    1692    0
364    34092    12    1452    0
312    31416    12    1456    0
389    33760    12    1448    0
467    35020    13    1572    0
408    33840    13    1580    0
517    34544    13    1576    0
435    35992    12    1464    0
446    35264    13    1572    0
453    38108    14    1700    0
325    35960    14    1696    0
422    39580    14    1688    0
573    39592    13    1572    0
392    35384    13    1576    0
507    38440    13    1568    0
482    38588    13    1580    0
523    38960    13    1580    0
602    41136    13    1580    0
585    42364    13    1572    0
483    36928    14    1688    0
497    40712    14    1696    0
471    39340    13    1584    0
511    38416    13    1576    0
487    39480    13    1584    0
704    41928    15    1804    0
497    39992    13    1576    0
391    35796    12    1460    0
479    39280    13    1572    0
515    40576    14    1692    0
559    39836    13    1576    0
548    41148    14    1700    0
423    39344    13    1576    0
443    38372    12    1460    0
554    39108    14    1688    0
600    39408    13    1576    0
497    37732    13    1576    0
496    41256    13    1584    0
502    40616    13    1580    0
526    39560    13    1572    0
553    44720    14    1696    0
539    46112    14    1688    0
543    42556    13    1568    0
545    41112    14    1704    0
587    41400    14    1688    0
501    43824    13    1580    0
553    41968    14    1692    0
545    43688    15    1804    0
547    40924    13    1580    0
649    44084    14    1696    0
619    44480    15    1816    0
537    43492    14    1704    0
776    47732    14    1696    0
537    42828    14    1684    0
614    42364    14    1692    0
424    38800    13    1576    0
661    45680    15    1820    0
535    46944    14    1704    0
451    42568    14    1684    0
471    41284    13    1584    0
528    42848    13    1584    0
557    42960    13    1572    0
534    43908    14    1692    0
561    46472    14    1692    0
586    45628    14    1700    0
597    44208    14    1700    0
548    43720    14    1684    0
546    43392    14    1692    0
603    43652    15    1828    0
518    43864    14    1700    0
533    44480    14    1696    0
719    50904    14    1704    0
708    50372    14    1700    0
553    46060    14    1696    0
586    49896    14    1692    0
617    48824    14    1696    0
631    49508    14    1696    0
566    47696    14    1700    0
589    50000    14    1704    0
532    46548    14    1688    0
571    48736    14    1696    0
667    46528    14    1692    0
598    47164    14    1692    0
666    48992    15    1812    0
600    49268    14    1700    0
522    46288    13    1580    0
507    46916    13    1588    0
815    50508    15    1812    0
657    48208    14    1700    0
844    51772    15    1820    0
485    44512    13    1576    0
522    45880    13    1580    0
612    48224    14    1700    0
529    45584    14    1692    0
608    48476    15    1804    0
564    45884    14    1696    0
695    43780    15    1808    0
630    50248    14    1688    0
617    45952    14    1700    0
665    47860    14    1700    0
779    52720    14    1700    0
532    51344    14    1704    0
898    54052    15    1816    0
848    53092    16    1936    0
643    50820    14    1700    0
705    54056    15    1808    0
638    49796    14    1700    0
721    51068    15    1808    0
672    50136    14    1692    0
629    53792    15    1812    0
589    50308    14    1704    0
613    53236    15    1820    0
672    52540    15    1812    0
649    53656    15    1824    0
564    51620    15    1816    0
572    49756    13    1588    0
691    52372    15    1812    0
596    49984    14    1696    0
749    54852    15    1816    0
628    51408    15    1808    0
582    50124    13    1576    0
796    53892    15    1816    0
654    53076    15    1812    0
615    47768    14    1684    0
766    56000    15    1820    0
529    48516    15    1816    0
725    56484    15    1812    0
601    52940    15    1816    0
645    53356    15    1812    0
492    48916    14    1696    0
701    57276    14    1696    0
618    51020    15    1808    0
561    51116    14    1696    0
690    54320    15    1816    0
912    58592    16    1928    0
679    56788    15    1816    0
557    52296    14    1692    0
771    56688    17    2052    0
763    56824    15    1816    0
867    57824    14    1700    0
784    59500    15    1820    0
792    58384    15    1816    0
792    58116    15    1812    0
820    57352    14    1708    0
671    53928    14    1700    0
1082    60464    16    1932    0
834    58856    16    1940    0
720    55740    14    1704    0
913    58476    17    2048    0
844    57264    14    1700    0
738    56192    14    1696    0
716    57432    15    1812    0
786    57904    14    1700    0
791    57252    15    1816    0
834    59328    15    1812    0
692    57296    16    1940    0
663    58368    15    1824    0
772    56112    15    1804    0
684    52032    14    1700    0
782    57612    16    1928    0
780    59104    15    1816    0
743    57968    15    1820    0
834    63140    16    1932    0
747    58032    14    1696    0
816    59328    15    1824    0
820    60344    15    1824    0
620    58912    14    1696    0
784    58216    14    1700    0
734    58988    14    1700    0
781    63600    15    1824    0
730    59376    15    1808    0
900    62108    15    1812    0
722    59608    15    1804    0
941    64544    16    1932    0
707    61280    16    1940    0
952    62904    16    1932    0
879    61148    15    1824    0
611    55096    14    1696    0
645    56996    14    1684    0
635    58520    16    1932    0
831    60032    15    1820    0
620    56620    15    1820    0
880    62968    15    1828    0
842    61492    16    1948    0
718    60680    15    1812    0
737    60496    15    1820    0
864    64192    15    1816    0
942    60556    15    1808    0
794    60808    15    1816    0
701    61184    15    1832    0
