21817.0
43883.0
66123.0
88158.0
110257.0
132617.0
154636.0
176619.0
198809.0
221552.0
245205.0
269830.0
295035.0
320569.0
346346.0
372134.0
397742.0
423628.0
449374.0
475584.0
501728.0
528388.0
555355.0
582607.0
609755.0
637370.0
664705.0
692275.0
719498.0
746654.0
773955.0
800824.0
827671.0
854310.0
880962.0
907354.0
933929.0
960345.0
986961.0
1013391.0
1040083.0
1066709.0
1093881.0
1120544.0
1147770.0
1174876.0
1202131.0
1229546.0
1257048.0
1284632.0
1312184.0
1339569.0
1367515.0
1394931.0
1422260.0
1449869.0
1477420.0
1504655.0
1531923.0
1559129.0
1586330.0
1613343.0
1640229.0
1667298.0
1694390.0
1721012.0
1747698.0
1774404.0
1801070.0
1827399.0
1854288.0
1880388.0
1907248.0
1933568.0
1959899.0
1986577.0
2012937.0
2039514.0
2066284.0
2092491.0
2119652.0
2146054.0
2172734.0
2199322.0
2226677.0
2253057.0
2280116.0
2307321.0
2334423.0
2361377.0
2388488.0
2415610.0
2443007.0
2470549.0
2497814.0
2525052.0
2552523.0
2580167.0
2607573.0
2635303.0
