357895.56
762006.44
1111927.78
1618599.96
1904132.64
2356108.36
3053855.16
3424154.12
3737855.52
4031386.18
4333019.96
5005693.74
5655608.58
6429146.2
6842029.88
7219009.62
7555523.98
7885199.74
8194995.06
8503417.76
8819534.8
9147779.26
9506643.44
10576210.92
11329289.46
11939447.22
13041704.58
13513215.42
13954710.12
14400212
14793638.06
15170363.62
15530220.22
15887725.24
16236785.92
16580112.4
16906056.9
17232655.52
17562248.82
17895552.76
18223969.46
18554572.62
18901568.02
19253551.84
19621763.54
20010252.82
20434603.06
22226793.66
23175796.48
23809424.86
24477590.16
25075134.92
26798668.3
27316122.12
27837048.64
28308823.38
28789245.94
29261719.64
29739491.44
30183833.86
30607297.94
31012065
31412932.14
31804521.26
32188562.84
32569287.52
32951581.94
33329972
33699357.08
34069215.14
34424691.7
34779038.26
35127072.74
35473035.24
35819058.7
36160432.9
36515076.06
36861137.04
37209991.9
37552146.62
37899200.84
38248362.94
38599701.5
38951742.48
39315442.86
39674700.34
40039551.44
40417072.28
40802113.98
41195173.1
41600831.3
42017314
42451938.04
42918218.84
43424380.36
46775875.88
47867534.38
48509695.82
49183309.44
49903767.88
