21    5392    3    792    0
44    6176    5    1320    0
36    6300    4    1060    0
34    5656    4    1064    0
32    6200    4    1056    0
46    6476    4    1060    0
21    5640    3    796    0
18    4420    3    792    0
17    4380    3    796    0
33    5596    4    1056    0
27    5520    4    1060    0
35    5664    4    1060    0
24    5772    4    1056    0
33    5328    4    1056    0
19    5648    5    1320    0
43    7808    4    1056    0
31    6216    4    1056    0
23    5696    4    1060    0
31    5596    4    1056    0
19    5020    3    796    0
22    4772    3    792    0
18    5052    3    796    0
20    4740    3    796    0
32    5896    4    1060    0
22    5132    3    792    0
47    7864    4    1064    0
38    6020    4    1060    0
44    5848    4    1060    0
68    8076    5    1324    0
35    5672    4    1056    0
83    13596    6    1584    0
80    13840    5    1332    0
178    16396    7    1860    0
87    13968    6    1588    0
131    14856    6    1584    0
96    14436    6    1584    0
77    13740    5    1320    0
71    12468    5    1324    0
172    16032    6    1588    0
127    14196    6    1588    0
160    14880    6    1588    0
82    12696    5    1320    0
93    12308    5    1320    0
66    12392    5    1320    0
80    13264    5    1324    0
91    13456    5    1320    0
55    11816    5    1320    0
89    13404    5    1324    0
143    15112    6    1592    0
80    12644    5    1324    0
146    14904    6    1592    0
46    11340    4    1056    0
77    12284    5    1320    0
70    11868    5    1324    0
77    12256    5    1324    0
47    11968    5    1320    0
87    13684    6    1588    0
99    13032    5    1320    0
100    13904    6    1588    0
162    15176    6    1584    0
192    21060    7    1852    0
141    19080    6    1584    0
395    25720    7    1848    0
78    17556    6    1584    0
149    19860    6    1584    0
369    26408    7    1852    0
106    19596    6    1584    0
268    23460    7    1856    0
88    17480    6    1584    0
147    20716    6    1584    0
299    24980    7    1852    0
184    22424    7    1852    0
99    18292    6    1584    0
177    21692    6    1588    0
131    18048    6    1584    0
170    21172    6    1592    0
159    21048    6    1596    0
136    21160    6    1592    0
283    23832    7    1848    0
150    20512    6    1584    0
102    18636    5    1336    0
150    20528    6    1596    0
111    18544    6    1600    0
161    20760    6    1588    0
128    18600    6    1592    0
146    21012    6    1588    0
215    20936    6    1592    0
192    22220    6    1588    0
121    19024    6    1588    0
269    23236    7    1848    0
181    27592    7    1848    0
183    27028    7    1848    0
257    29124    7    1848    0
193    26952    6    1596    0
183    25588    6    1600    0
307    29832    8    2116    0
275    29792    7    1848    0
396    31904    7    1856    0
292    30440    7    1860    0
259    28000    8    2112    0
286    29080    7    1852    0
321    29236    7    1856    0
188    25920    7    1852    0
198    27008    7    1848    0
159    26012    6    1596    0
344    29680    7    1852    0
183    25536    6    1596    0
215    27040    6    1592    0
306    30052    7    1856    0
259    27028    7    1856    0
224    28168    7    1856    0
289    31576    7    1856    0
319    30692    7    1860    0
283    29088    7    1852    0
145    23508    6    1596    0
157    25272    6    1596    0
177    26052    6    1592    0
164    25152    6    1596    0
301    29352    7    1852    0
190    26912    7    1852    0
567    38504    8    2120    0
303    35040    7    1860    0
487    40216    8    2120    0
568    40980    8    2116    0
489    39028    8    2120    0
315    36400    7    1852    0
291    34152    7    1852    0
345    35868    7    1868    0
324    36020    7    1852    0
387    36072    7    1860    0
171    30880    6    1592    0
233    30892    7    1852    0
543    42164    8    2112    0
299    34308    7    1864    0
704    43344    8    2116    0
366    35136    7    1852    0
395    36860    7    1860    0
297    34904    7    1864    0
742    43812    8    2120    0
444    40536    8    2124    0
186    31740    6    1592    0
214    32976    7    1856    0
344    36712    7    1864    0
322    36328    7    1864    0
365    36272    7    1860    0
616    43380    8    2120    0
251    35108    8    2128    0
331    34988    7    1856    0
395    38380    8    2124    0
348    33828    7    1852    0
200    36436    7    1852    0
622    47568    9    2380    0
630    49208    8    2124    0
490    46112    8    2124    0
611    49152    8    2128    0
574    45380    8    2116    0
389    45256    7    1860    0
298    38976    7    1860    0
352    40644    7    1860    0
347    43244    8    2120    0
785    51124    8    2124    0
775    54524    9    2384    0
605    48744    8    2124    0
424    43900    7    1856    0
218    37980    7    1856    0
388    44032    8    2124    0
384    44860    8    2116    0
433    43484    8    2128    0
369    42800    8    2116    0
348    40600    7    1852    0
320    39416    9    2392    0
486    44248    8    2124    0
398    40976    7    1860    0
248    37680    7    1856    0
587    46516    8    2124    0
349    40888    7    1856    0
335    40368    7    1852    0
642    46760    8    2112    0
662    50712    8    2120    0
350    41200    7    1856    0
709    55248    8    2116    0
471    51236    8    2120    0
646    55092    8    2124    0
599    53916    8    2128    0
407    48152    7    1864    0
674    54432    8    2120    0
584    52440    8    2120    0
367    46852    7    1864    0
564    53456    8    2124    0
450    48516    8    2120    0
656    54752    8    2116    0
482    55120    8    2124    0
398    47152    8    2124    0
567    52944    8    2124    0
374    46660    8    2120    0
417    48716    8    2116    0
600    52072    8    2132    0
681    53448    8    2116    0
384    47212    7    1860    0
470    51896    8    2120    0
391    46384    8    2116    0
407    49732    8    2120    0
468    48852    8    2128    0
600    54768    8    2124    0
735    52716    8    2120    0
378    52156    8    2120    0
387    49000    8    2112    0
922    59196    9    2384    0
388    48972    7    1860    0
683    55816    9    2388    0
723    62208    9    2376    0
562    55988    8    2128    0
732    61776    8    2120    0
1092    69588    9    2388    0
569    57648    8    2116    0
429    54508    8    2128    0
717    62280    10    2648    0
553    58188    8    2128    0
609    55196    8    2116    0
693    63092    8    2132    0
535    56368    8    2116    0
489    56624    8    2120    0
847    65012    9    2384    0
636    59532    9    2384    0
571    57412    9    2380    0
628    59464    8    2128    0
794    61552    8    2120    0
1397    73960    9    2384    0
591    57416    8    2124    0
681    58960    8    2116    0
615    62472    8    2124    0
710    60436    8    2124    0
778    60332    8    2116    0
614    58272    8    2124    0
532    57812    8    2124    0
366    52960    8    2120    0
1070    67976    9    2380    0
447    56052    9    2384    0
777    63596    8    2116    0
613    57912    9    2384    0
965    72320    9    2380    0
686    69424    8    2128    0
766    68040    8    2124    0
825    70924    8    2120    0
797    72208    9    2392    0
1269    78404    9    2384    0
575    64548    9    2380    0
490    59480    8    2112    0
953    73008    9    2388    0
683    65724    8    2128    0
1033    76000    9    2392    0
753    66828    8    2132    0
679    65068    8    2120    0
649    67144    9    2380    0
755    66612    8    2124    0
961    70724    9    2388    0
1393    80288    10    2652    0
616    64904    8    2128    0
617    64412    8    2124    0
790    71504    9    2384    0
623    64520    8    2124    0
559    63328    8    2120    0
403    59504    8    2120    0
684    65164    8    2116    0
807    67332    8    2120    0
615    61388    8    2120    0
1053    76692    9    2380    0
612    63704    8    2120    0
1318    78752    9    2388    0
856    68884    8    2124    0
738    72344    8    2124    0
617    69384    8    2120    0
859    75752    9    2392    0
840    78112    9    2392    0
928    78948    9    2380    0
698    72544    8    2124    0
997    82736    9    2384    0
592    67364    8    2124    0
1257    83992    9    2400    0
618    71180    8    2128    0
1085    81188    9    2392    0
1024    76304    9    2384    0
699    70720    8    2120    0
1184    83688    9    2380    0
1098    83564    9    2380    0
599    68696    9    2392    0
941    77320    9    2388    0
1106    83084    9    2384    0
1046    78568    9    2384    0
988    75368    9    2384    0
808    75268    9    2392    0
731    70760    8    2120    0
1096    80488    9    2384    0
1157    81688    10    2652    0
742    72188    8    2124    0
751    71440    8    2124    0
855    76500    9    2380    0
765    74460    9    2384    0
717    74016    8    2132    0
625    70988    9    2380    0
1467    95232    9    2388    0
788    78916    8    2128    0
681    75116    8    2124    0
754    79720    9    2380    0
2437    116636    10    2648    0
571    73176    8    2124    0
1104    83496    9    2380    0
1173    87896    9    2392    0
1257    88632    9    2392    0
1305    89420    9    2384    0
560    73856    9    2380    0
1209    88896    9    2384    0
1221    90916    9    2396    0
1348    89952    9    2384    0
858    80404    9    2380    0
1204    87900    9    2384    0
932    83644    9    2380    0
790    80792    9    2388    0
807    79556    8    2124    0
1233    90564    9    2392    0
1253    88884    9    2388    0
824    80568    9    2380    0
616    73704    8    2120    0
690    77044    9    2380    0
683    77768    9    2380    0
1278    94712    9    2388    0
653    73000    9    2380    0
1076    85848    9    2384    0
1103    87688    10    2652    0
726    77660    9    2384    0
791    86420    9    2392    0
769    84432    9    2380    0
1053    90504    9    2396    0
1042    92636    9    2384    0
981    87236    9    2392    0
876    86860    9    2380    0
825    86400    8    2128    0
1066    93472    9    2384    0
1092    92028    9    2400    0
1072    93200    9    2384    0
1164    91784    9    2380    0
921    89216    9    2384    0
1201    92836    9    2388    0
1188    91024    9    2384    0
1285    93876    9    2384    0
1487    100840    9    2384    0
1012    92268    9    2388    0
1242    95032    9    2380    0
664    81408    9    2380    0
1353    100708    9    2388    0
1636    102396    9    2392    0
1538    101072    9    2380    0
1392    99584    9    2384    0
803    84448    8    2128    0
1197    96552    9    2380    0
1434    101368    10    2644    0
975    88316    10    2648    0
1193    96788    9    2384    0
1007    91588    9    2388    0
1095    94316    9    2384    0
1161    99972    9    2384    0
845    94524    9    2396    0
1139    97928    9    2376    0
1211    104248    9    2384    0
1051    99588    9    2388    0
818    90324    9    2380    0
1473    107432    9    2384    0
1043    95532    9    2392    0
1612    112520    10    2660    0
1591    110536    10    2644    0
1150    101760    9    2384    0
1535    111176    9    2388    0
1338    104364    9    2388    0
970    94892    9    2392    0
1128    99528    9    2384    0
1088    94332    9    2388    0
1324    101048    9    2384    0
802    90908    9    2380    0
1217    104912    9    2396    0
1417    103524    10    2648    0
1132    99336    10    2644    0
814    92584    8    2124    0
1002    97376    9    2384    0
934    93576    9    2376    0
1432    110076    9    2392    0
1202    95928    9    2384    0
1119    98472    10    2648    0
693    87188    8    2124    0
897    94572    9    2388    0
1266    100524    9    2384    0
1369    111076    9    2396    0
898    97524    9    2380    0
1144    103672    9    2396    0
1423    112176    9    2396    0
1205    104304    9    2400    0
1116    104940    9    2380    0
2244    130660    10    2640    0
1174    102680    9    2388    0
2201    130144    10    2648    0
1726    117596    10    2644    0
1224    104304    10    2640    0
961    102780    9    2388    0
1253    106464    9    2392    0
1370    110136    9    2380    0
1318    108288    9    2384    0
1856    119320    10    2652    0
1389    108568    10    2652    0
1415    112516    10    2644    0
1217    106276    9    2388    0
1427    113100    10    2652    0
1175    104568    9    2384    0
1608    116104    10    2652    0
1572    113576    9    2388    0
1318    108896    9    2388    0
1357    107064    10    2652    0
1306    108184    9    2392    0
1313    108464    9    2380    0
971    103208    9    2384    0
1291    110636    9    2388    0
1321    108128    9    2384    0
799    101488    9    2392    0
2021    129968    10    2640    0
1136    111616    9    2392    0
2081    129068    10    2648    0
1637    123124    9    2388    0
1454    119768    9    2388    0
1895    126208    10    2648    0
1374    118496    9    2392    0
819    101496    9    2388    0
1588    121272    9    2384    0
1718    124472    10    2656    0
1584    122992    9    2388    0
2786    146424    11    2912    0
1722    126996    10    2648    0
1206    115760    9    2392    0
2589    144532    10    2644    0
1201    110316    9    2396    0
1020    106488    10    2648    0
1594    121112    9    2392    0
1316    113416    10    2648    0
1297    115104    9    2392    0
3417    158572    10    2660    0
2470    142016    10    2660    0
1277    113816    9    2392    0
1331    114680    9    2392    0
1099    105352    9    2392    0
1587    122464    10    2648    0
1025    107420    9    2392    0
1641    121524    10    2660    0
842    100412    9    2384    0
