21    3296    7    848    0
20    2868    7    848    0
11    2636    5    604    0
15    2688    6    724    0
26    2936    7    852    0
23    3324    8    968    0
14    2792    5    604    0
12    2228    5    604    0
12    2232    4    484    0
15    2704    6    720    0
14    2388    6    728    0
13    2488    5    604    0
11    2344    4    484    0
19    2864    6    732    0
13    2384    6    732    0
15    2680    5    608    0
17    3360    6    732    0
11    2628    5    612    0
14    2928    6    724    0
11    2128    5    608    0
13    2520    5    604    0
17    2960    6    724    0
13    2660    6    724    0
11    2100    4    484    0
11    2368    5    612    0
14    2384    5    608    0
23    3452    7    848    0
17    2552    5    604    0
17    2704    7    848    0
16    2952    6    728    0
42    7612    11    1336    0
57    7760    11    1328    0
48    8608    10    1212    0
42    7452    10    1208    0
49    8340    11    1332    0
35    5948    9    1092    0
40    7888    9    1092    0
51    7560    10    1200    0
26    5572    8    968    0
39    7456    9    1096    0
35    8184    10    1212    0
44    7776    10    1212    0
44    7752    10    1216    0
40    6224    10    1208    0
48    7648    9    1092    0
35    6336    9    1100    0
33    6300    10    1208    0
34    6200    9    1084    0
40    7320    10    1212    0
31    5760    9    1088    0
54    8004    11    1340    0
44    8172    11    1328    0
48    8024    10    1216    0
57    8024    12    1448    0
44    7864    9    1100    0
28    5736    8    964    0
36    6196    10    1208    0
42    6392    9    1088    0
33    5512    8    972    0
46    7640    9    1096    0
63    10052    11    1332    0
52    9552    10    1216    0
76    11908    12    1456    0
85    11204    13    1580    0
82    12264    13    1572    0
78    11560    13    1572    0
47    9496    11    1340    0
78    11828    13    1580    0
78    12444    13    1568    0
80    12240    13    1580    0
75    10840    11    1348    0
76    11516    13    1576    0
78    10992    12    1464    0
59    10552    11    1344    0
61    10420    12    1452    0
84    12292    14    1696    0
70    10816    12    1452    0
61    10984    12    1452    0
60    10436    11    1344    0
71    11208    14    1696    0
79    12224    12    1460    0
94    12664    14    1688    0
79    11816    12    1456    0
86    12300    13    1572    0
67    11676    12    1460    0
59    9740    11    1336    0
54    10916    12    1456    0
69    10800    12    1444    0
73    10712    12    1460    0
75    10832    12    1452    0
99    15576    14    1696    0
123    15708    15    1820    0
102    15528    14    1696    0
109    16112    15    1804    0
128    17632    15    1824    0
161    18872    17    2060    0
77    13376    13    1588    0
92    16300    14    1696    0
124    16792    15    1820    0
122    15696    16    1948    0
127    16968    15    1820    0
95    15008    14    1688    0
84    13980    14    1696    0
85    14700    15    1812    0
84    14792    15    1800    0
84    14664    14    1692    0
85    14272    14    1692    0
150    17832    16    1948    0
98    15052    15    1820    0
98    14640    15    1812    0
92    14168    13    1584    0
111    15592    15    1824    0
120    16484    15    1808    0
109    16216    15    1824    0
129    17480    16    1936    0
96    15016    14    1704    0
117    17532    16    1952    0
101    15888    15    1820    0
135    15528    15    1808    0
132    16476    15    1820    0
169    21848    19    2292    0
152    21008    16    1932    0
145    20448    15    1828    0
112    17700    15    1808    0
141    20760    17    2080    0
167    19688    16    1936    0
141    20232    16    1940    0
208    22528    18    2180    0
113    17044    15    1820    0
159    21264    17    2064    0
134    19520    16    1924    0
142    19864    15    1820    0
135    18880    15    1816    0
159    20672    17    2048    0
204    23744    18    2184    0
167    19996    17    2064    0
145    19364    16    1952    0
174    22476    17    2060    0
139    19568    16    1940    0
136    19672    15    1812    0
159    20304    16    1936    0
174    20200    17    2052    0
100    18000    14    1692    0
99    17844    14    1708    0
144    20408    16    1932    0
150    20348    17    2072    0
130    19108    15    1816    0
141    20136    15    1820    0
163    20768    17    2068    0
131    18072    16    1948    0
162    21884    16    1944    0
174    22912    18    2176    0
160    25792    17    2048    0
167    24456    17    2052    0
176    25520    17    2044    0
201    28192    21    2532    0
180    24224    17    2068    0
197    25704    18    2192    0
176    24352    16    1952    0
217    26456    18    2184    0
200    26548    18    2188    0
160    23268    18    2176    0
149    22856    17    2064    0
220    25672    17    2060    0
171    25456    17    2056    0
139    22876    16    1948    0
232    26168    18    2184    0
181    25292    17    2068    0
189    24172    16    1944    0
216    22968    17    2060    0
156    24560    16    1952    0
198    23856    18    2172    0
143    22768    16    1948    0
162    23924    16    1936    0
175    22536    16    1952    0
136    21332    16    1936    0
141    22400    17    2056    0
172    24768    17    2060    0
212    24672    18    2176    0
186    25080    19    2296    0
315    30816    21    2528    0
261    31828    19    2304    0
246    29592    19    2308    0
215    28848    19    2308    0
222    28896    19    2292    0
225    28664    18    2192    0
236    29532    19    2288    0
249    30312    18    2184    0
198    28648    19    2300    0
189    26420    18    2176    0
227    28896    18    2180    0
180    26456    17    2052    0
212    29028    18    2188    0
205    27904    19    2288    0
227    28096    18    2192    0
285    30636    20    2416    0
230    29480    19    2300    0
232    28712    19    2300    0
232    28436    19    2292    0
200    27592    19    2292    0
221    26848    19    2288    0
228    27696    18    2172    0
238    28656    20    2412    0
192    26716    18    2184    0
204    27756    18    2172    0
161    25920    18    2192    0
215    29080    19    2312    0
183    28232    18    2180    0
211    27444    18    2180    0
236    29284    20    2436    0
217    31076    20    2416    0
308    36052    20    2436    0
301    36288    20    2412    0
249    31704    19    2316    0
297    34768    19    2304    0
220    31920    18    2172    0
239    30436    19    2312    0
257    33972    19    2308    0
250    32052    20    2420    0
272    33064    19    2312    0
200    30160    20    2416    0
287    35192    20    2424    0
253    32432    18    2188    0
235    30564    19    2288    0
227    31324    19    2292    0
283    35144    20    2424    0
219    30548    18    2200    0
274    33876    20    2420    0
228    31548    19    2316    0
273    32680    20    2416    0
225    32084    18    2180    0
298    34000    20    2412    0
220    30140    18    2200    0
331    37604    21    2536    0
227    31356    20    2424    0
305    35388    20    2420    0
266    34048    20    2412    0
271    32804    20    2420    0
313    35432    20    2428    0
293    31800    20    2412    0
392    41112    21    2544    0
286    36632    20    2412    0
319    37052    19    2308    0
315    39276    20    2432    0
322    37688    21    2552    0
317    36104    20    2424    0
252    35008    19    2300    0
338    39104    20    2428    0
358    40792    22    2660    0
308    36964    20    2440    0
261    36308    20    2428    0
258    35036    19    2312    0
276    34704    19    2304    0
282    36760    19    2296    0
257    35856    20    2436    0
251    33764    19    2300    0
283    35896    22    2680    0
273    34920    19    2308    0
272    36520    20    2436    0
303    35992    20    2420    0
323    39680    20    2420    0
295    37800    21    2540    0
340    37800    21    2536    0
333    36112    20    2428    0
296    39836    20    2436    0
295    37804    21    2540    0
321    40468    21    2536    0
309    36136    20    2428    0
282    37968    21    2532    0
266    36160    19    2312    0
338    40632    22    2652    0
441    44896    23    2808    0
398    43472    21    2552    0
355    41336    21    2520    0
326    41688    22    2664    0
369    42752    21    2540    0
367    45456    22    2664    0
297    38604    20    2416    0
410    43428    22    2660    0
367    45920    23    2776    0
379    44436    21    2556    0
359    42872    22    2672    0
360    42912    22    2668    0
392    42808    22    2664    0
427    44432    23    2776    0
420    44600    21    2552    0
367    42000    23    2796    0
379    44872    22    2664    0
354    44064    22    2680    0
328    45076    21    2564    0
367    45628    23    2788    0
368    45400    22    2672    0
363    41364    21    2540    0
435    45808    24    2896    0
389    43736    23    2780    0
308    41644    22    2664    0
322    39400    21    2548    0
424    48076    23    2780    0
356    46792    23    2792    0
324    41168    20    2424    0
389    46052    23    2784    0
441    49284    22    2672    0
433    49876    23    2788    0
363    48504    22    2672    0
415    52116    23    2788    0
433    50368    23    2784    0
323    42920    23    2792    0
364    44424    22    2668    0
400    48076    23    2780    0
436    48344    22    2668    0
331    40040    20    2432    0
349    48928    22    2664    0
462    48776    23    2788    0
422    48300    22    2664    0
512    48600    22    2664    0
381    50252    24    2908    0
340    44968    22    2660    0
428    50124    23    2772    0
378    45888    23    2800    0
356    46656    23    2788    0
413    45832    21    2544    0
374    45304    22    2660    0
379    46400    22    2672    0
411    46524    21    2552    0
425    51448    23    2764    0
331    46392    21    2532    0
354    42704    21    2560    0
345    43392    21    2544    0
344    44080    21    2524    0
342    46332    22    2664    0
388    48608    22    2668    0
512    55536    23    2800    0
449    50020    23    2772    0
413    50716    24    2900    0
449    51584    22    2672    0
405    49660    23    2788    0
471    49600    23    2792    0
476    52920    22    2668    0
473    53128    23    2776    0
375    47192    24    2912    0
446    54636    23    2784    0
372    51056    22    2664    0
383    49088    24    2892    0
474    52204    23    2780    0
479    51760    23    2788    0
412    50664    22    2660    0
345    45504    23    2776    0
373    50756    22    2684    0
490    54776    24    2900    0
439    51736    22    2664    0
449    49212    23    2776    0
436    51724    23    2768    0
456    52472    23    2792    0
380    47712    23    2776    0
461    52076    23    2796    0
394    49904    22    2664    0
523    56652    24    2908    0
382    48772    23    2788    0
528    49792    23    2776    0
481    52932    23    2792    0
527    59460    23    2796    0
418    53420    22    2680    0
482    55520    24    2908    0
480    54760    23    2804    0
535    58016    24    2896    0
540    58896    23    2784    0
497    56672    24    2892    0
384    51736    22    2664    0
428    55496    23    2784    0
508    57356    24    2900    0
448    55756    23    2788    0
482    53616    26    3152    0
529    56980    24    2904    0
505    58472    23    2776    0
553    58568    24    2924    0
441    52740    23    2776    0
476    57968    25    3020    0
453    52788    23    2784    0
451    54632    24    2908    0
400    54008    23    2780    0
422    56664    23    2784    0
488    54232    23    2784    0
457    55528    23    2784    0
483    55512    24    2896    0
439    53468    23    2800    0
497    56572    24    2896    0
472    58028    23    2784    0
431    54972    22    2664    0
478    60056    24    2912    0
454    56736    23    2800    0
538    60956    24    2908    0
489    57764    24    2896    0
616    63800    25    3012    0
550    64284    25    3008    0
466    59824    25    3032    0
582    57596    24    2916    0
450    59404    22    2660    0
548    63024    25    3024    0
433    56912    22    2672    0
485    59688    25    3024    0
485    57600    23    2796    0
501    63284    25    3024    0
491    62232    24    2900    0
531    60312    24    2904    0
532    61072    24    2908    0
522    61540    23    2792    0
522    60956    24    2908    0
455    56360    24    2900    0
471    57488    23    2792    0
641    65140    24    2912    0
484    61656    23    2784    0
498    60968    25    3032    0
429    53732    22    2664    0
545    62616    24    2904    0
511    60632    24    2896    0
500    59628    24    2904    0
558    62992    24    2900    0
581    65424    24    2904    0
420    57964    24    2900    0
479    60280    24    2900    0
700    72480    25    3032    0
572    67068    25    3028    0
545    63104    24    2900    0
610    66836    24    2916    0
582    66868    25    3024    0
466    59300    24    2908    0
477    59628    24    2908    0
480    61752    24    2896    0
589    65280    24    2896    0
512    62904    25    3032    0
543    65160    24    2912    0
634    70728    25    3024    0
551    64636    25    3012    0
481    62456    25    3024    0
540    64080    24    2912    0
564    65696    24    2904    0
552    62696    24    2904    0
512    64088    24    2904    0
612    66152    25    3028    0
515    63916    25    3028    0
515    63132    23    2788    0
569    65196    24    2912    0
507    65028    25    3016    0
545    66588    23    2792    0
567    66072    25    3036    0
455    62016    23    2780    0
549    65832    25    3020    0
477    60752    23    2788    0
593    68644    25    3020    0
509    62744    24    2912    0
